36, 28, 22, 20, 22, 28, 36, 44, 53, 63, 31, 22, 14, 10, 14, 22, 31, 41, 50, 60, 30, 20, 10, 0, 10, 20, 30, 40, 50, 60, 31, 22, 14, 10, 14, 22, 31, 41, 50, 60, 36, 28, 22, 20, 22, 28, 36, 44, 53, 63, 42, 36, 31, 30, 31, 36, 42, 50, 58, 67, 50, 44, 41, 40, 41, 44, 50, 56, 64, 72, 58, 53, 50, 50, 50, 53, 58, 64, 70, 78, 67, 63, 60, 60, 60, 63, 67, 72, 78, 84, 76, 72, 70, 70, 70, 72, 76, 80, 86, 92, ;[3,9] [2,3];(3,9), (4,8), (5,7), (5,6), (4,5), (3,4), ;1,1
90, 80, 70, 60, 50, 40, 30, 20, 10, 0, 90, 80, 70, 60, 50, 41, 31, 22, 14, 10, 92, 82, 72, 63, 53, 44, 36, 28, 22, 20, 94, 85, 76, 67, 58, 50, 42, 36, 31, 30, 98, 89, 80, 72, 64, 56, 50, 44, 41, 40, 102, 94, 86, 78, 70, 64, 58, 53, 50, 50, 108, 100, 92, 84, 78, 72, 67, 63, 60, 60, 114, 106, 98, 92, 86, 80, 76, 72, 70, 70, 120, 113, 106, 100, 94, 89, 85, 82, 80, 80, 127, 120, 114, 108, 102, 98, 94, 92, 90, 90, ;[5,4] [0,9];(5,4), (4,5), (3,6), (2,7), (1,8), ;7,0
50, 50, 53, 58, 64, 70, 78, 86, 94, 102, 40, 41, 44, 50, 56, 64, 72, 80, 89, 98, 30, 31, 36, 42, 50, 58, 67, 76, 85, 94, 20, 22, 28, 36, 44, 53, 63, 72, 82, 92, 10, 14, 22, 31, 41, 50, 60, 70, 80, 90, 0, 10, 20, 30, 40, 50, 60, 70, 80, 90, 10, 14, 22, 31, 41, 50, 60, 70, 80, 90, 20, 22, 28, 36, 44, 53, 63, 72, 82, 92, 30, 31, 36, 42, 50, 58, 67, 76, 85, 94, 40, 41, 44, 50, 56, 64, 72, 80, 89, 98, ;[2,6] [5,0];(2,6), (1,5), (1,4), (2,3), (3,2), (4,1), ;9,6
78, 70, 64, 58, 53, 50, 50, 50, 53, 58, 72, 64, 56, 50, 44, 41, 40, 41, 44, 50, 67, 58, 50, 42, 36, 31, 30, 31, 36, 42, 63, 53, 44, 36, 28, 22, 20, 22, 28, 36, 60, 50, 41, 31, 22, 14, 10, 14, 22, 31, 60, 50, 40, 30, 20, 10, 0, 10, 20, 30, 60, 50, 41, 31, 22, 14, 10, 14, 22, 31, 63, 53, 44, 36, 28, 22, 20, 22, 28, 36, 67, 58, 50, 42, 36, 31, 30, 31, 36, 42, 72, 64, 56, 50, 44, 41, 40, 41, 44, 50, ;[6,3] [5,6];(6,3), (7,4), (6,5), ;4,6
70, 64, 58, 53, 50, 50, 50, 53, 58, 64, 64, 56, 50, 44, 41, 40, 41, 44, 50, 56, 58, 50, 42, 36, 31, 30, 31, 36, 42, 50, 53, 44, 36, 28, 22, 20, 22, 28, 36, 44, 50, 41, 31, 22, 14, 10, 14, 22, 31, 41, 50, 40, 30, 20, 10, 0, 10, 20, 30, 40, 50, 41, 31, 22, 14, 10, 14, 22, 31, 41, 53, 44, 36, 28, 22, 20, 22, 28, 36, 44, 58, 50, 42, 36, 31, 30, 31, 36, 42, 50, 64, 56, 50, 44, 41, 40, 41, 44, 50, 56, ;[8,0] [5,5];(8,0), (9,1), (8,2), (7,3), (6,4), ;4,5
90, 90, 92, 94, 98, 102, 108, 114, 120, 127, 80, 80, 82, 85, 89, 94, 100, 106, 113, 120, 70, 70, 72, 76, 80, 86, 92, 98, 106, 114, 60, 60, 63, 67, 72, 78, 84, 92, 100, 108, 50, 50, 53, 58, 64, 70, 78, 86, 94, 102, 40, 41, 44, 50, 56, 64, 72, 80, 89, 98, 30, 31, 36, 42, 50, 58, 67, 76, 85, 94, 20, 22, 28, 36, 44, 53, 63, 72, 82, 92, 10, 14, 22, 31, 41, 50, 60, 70, 80, 90, 0, 10, 20, 30, 40, 50, 60, 70, 80, 90, ;[6,4] [9,0];(6,4), (7,3), (8,2), (9,1), ;4,9
92, 86, 80, 76, 72, 70, 70, 70, 72, 76, 84, 78, 72, 67, 63, 60, 60, 60, 63, 67, 78, 70, 64, 58, 53, 50, 50, 50, 53, 58, 72, 64, 56, 50, 44, 41, 40, 41, 44, 50, 67, 58, 50, 42, 36, 31, 30, 31, 36, 42, 63, 53, 44, 36, 28, 22, 20, 22, 28, 36, 60, 50, 41, 31, 22, 14, 10, 14, 22, 31, 60, 50, 40, 30, 20, 10, 0, 10, 20, 30, 60, 50, 41, 31, 22, 14, 10, 14, 22, 31, 63, 53, 44, 36, 28, 22, 20, 22, 28, 36, ;[6,7] [7,6];(6,7), ;3,7
41, 40, 41, 44, 50, 56, 64, 72, 80, 89, 31, 30, 31, 36, 42, 50, 58, 67, 76, 85, 22, 20, 22, 28, 36, 44, 53, 63, 72, 82, 14, 10, 14, 22, 31, 41, 50, 60, 70, 80, 10, 0, 10, 20, 30, 40, 50, 60, 70, 80, 14, 10, 14, 22, 31, 41, 50, 60, 70, 80, 22, 20, 22, 28, 36, 44, 53, 63, 72, 82, 31, 30, 31, 36, 42, 50, 58, 67, 76, 85, 41, 40, 41, 44, 50, 56, 64, 72, 80, 89, 50, 50, 50, 53, 58, 64, 70, 78, 86, 94, ;[3,7] [4,1];(3,7), (4,6), (5,5), (6,4), (6,3), (5,2), ;1,8
58, 53, 50, 50, 50, 53, 58, 64, 70, 78, 50, 44, 41, 40, 41, 44, 50, 56, 64, 72, 42, 36, 31, 30, 31, 36, 42, 50, 58, 67, 36, 28, 22, 20, 22, 28, 36, 44, 53, 63, 31, 22, 14, 10, 14, 22, 31, 41, 50, 60, 30, 20, 10, 0, 10, 20, 30, 40, 50, 60, 31, 22, 14, 10, 14, 22, 31, 41, 50, 60, 36, 28, 22, 20, 22, 28, 36, 44, 53, 63, 42, 36, 31, 30, 31, 36, 42, 50, 58, 67, 50, 44, 41, 40, 41, 44, 50, 56, 64, 72, ;[7,4] [5,3];(7,4), (6,4), ;1,2
50, 41, 31, 22, 14, 10, 14, 22, 31, 41, 50, 40, 30, 20, 10, 0, 10, 20, 30, 40, 50, 41, 31, 22, 14, 10, 14, 22, 31, 41, 53, 44, 36, 28, 22, 20, 22, 28, 36, 44, 58, 50, 42, 36, 31, 30, 31, 36, 42, 50, 64, 56, 50, 44, 41, 40, 41, 44, 50, 56, 70, 64, 58, 53, 50, 50, 50, 53, 58, 64, 78, 72, 67, 63, 60, 60, 60, 63, 67, 72, 86, 80, 76, 72, 70, 70, 70, 72, 76, 80, 94, 89, 85, 82, 80, 80, 80, 82, 85, 89, ;[1,9] [1,5];(1,9), (2,8), (2,7), (2,6), ;0,1
70, 70, 70, 72, 76, 80, 86, 92, 98, 106, 60, 60, 60, 63, 67, 72, 78, 84, 92, 100, 50, 50, 50, 53, 58, 64, 70, 78, 86, 94, 41, 40, 41, 44, 50, 56, 64, 72, 80, 89, 31, 30, 31, 36, 42, 50, 58, 67, 76, 85, 22, 20, 22, 28, 36, 44, 53, 63, 72, 82, 14, 10, 14, 22, 31, 41, 50, 60, 70, 80, 10, 0, 10, 20, 30, 40, 50, 60, 70, 80, 14, 10, 14, 22, 31, 41, 50, 60, 70, 80, 22, 20, 22, 28, 36, 44, 53, 63, 72, 82, ;[7,6] [7,1];(7,6), (8,5), (9,4), (9,3), (8,2), ;2,4
70, 70, 70, 72, 76, 80, 86, 92, 98, 106, 60, 60, 60, 63, 67, 72, 78, 84, 92, 100, 50, 50, 50, 53, 58, 64, 70, 78, 86, 94, 41, 40, 41, 44, 50, 56, 64, 72, 80, 89, 31, 30, 31, 36, 42, 50, 58, 67, 76, 85, 22, 20, 22, 28, 36, 44, 53, 63, 72, 82, 14, 10, 14, 22, 31, 41, 50, 60, 70, 80, 10, 0, 10, 20, 30, 40, 50, 60, 70, 80, 14, 10, 14, 22, 31, 41, 50, 60, 70, 80, 22, 20, 22, 28, 36, 44, 53, 63, 72, 82, ;[4,2] [7,1];(4,2), (5,2), (6,2), ;0,1
94, 85, 76, 67, 58, 50, 42, 36, 31, 30, 92, 82, 72, 63, 53, 44, 36, 28, 22, 20, 90, 80, 70, 60, 50, 41, 31, 22, 14, 10, 90, 80, 70, 60, 50, 40, 30, 20, 10, 0, 90, 80, 70, 60, 50, 41, 31, 22, 14, 10, 92, 82, 72, 63, 53, 44, 36, 28, 22, 20, 94, 85, 76, 67, 58, 50, 42, 36, 31, 30, 98, 89, 80, 72, 64, 56, 50, 44, 41, 40, 102, 94, 86, 78, 70, 64, 58, 53, 50, 50, 108, 100, 92, 84, 78, 72, 67, 63, 60, 60, ;[5,7] [3,9];(5,7), (4,8), ;6,5
108, 102, 98, 94, 92, 90, 90, 90, 92, 94, 100, 94, 89, 85, 82, 80, 80, 80, 82, 85, 92, 86, 80, 76, 72, 70, 70, 70, 72, 76, 84, 78, 72, 67, 63, 60, 60, 60, 63, 67, 78, 70, 64, 58, 53, 50, 50, 50, 53, 58, 72, 64, 56, 50, 44, 41, 40, 41, 44, 50, 67, 58, 50, 42, 36, 31, 30, 31, 36, 42, 63, 53, 44, 36, 28, 22, 20, 22, 28, 36, 60, 50, 41, 31, 22, 14, 10, 14, 22, 31, 60, 50, 40, 30, 20, 10, 0, 10, 20, 30, ;[8,7] [9,6];(8,7), ;6,9
90, 90, 92, 94, 98, 102, 108, 114, 120, 127, 80, 80, 82, 85, 89, 94, 100, 106, 113, 120, 70, 70, 72, 76, 80, 86, 92, 98, 106, 114, 60, 60, 63, 67, 72, 78, 84, 92, 100, 108, 50, 50, 53, 58, 64, 70, 78, 86, 94, 102, 40, 41, 44, 50, 56, 64, 72, 80, 89, 98, 30, 31, 36, 42, 50, 58, 67, 76, 85, 94, 20, 22, 28, 36, 44, 53, 63, 72, 82, 92, 10, 14, 22, 31, 41, 50, 60, 70, 80, 90, 0, 10, 20, 30, 40, 50, 60, 70, 80, 90, ;[1,7] [9,0];(1,7), (2,8), (3,8), (4,7), (5,6), (6,5), (7,4), (8,3), (9,2), (9,1), ;5,1
102, 94, 86, 78, 70, 64, 58, 53, 50, 50, 98, 89, 80, 72, 64, 56, 50, 44, 41, 40, 94, 85, 76, 67, 58, 50, 42, 36, 31, 30, 92, 82, 72, 63, 53, 44, 36, 28, 22, 20, 90, 80, 70, 60, 50, 41, 31, 22, 14, 10, 90, 80, 70, 60, 50, 40, 30, 20, 10, 0, 90, 80, 70, 60, 50, 41, 31, 22, 14, 10, 92, 82, 72, 63, 53, 44, 36, 28, 22, 20, 94, 85, 76, 67, 58, 50, 42, 36, 31, 30, 98, 89, 80, 72, 64, 56, 50, 44, 41, 40, ;[1,6] [5,9];(1,6), (2,7), (3,8), (4,9), ;5,8
80, 72, 64, 56, 50, 44, 41, 40, 41, 44, 76, 67, 58, 50, 42, 36, 31, 30, 31, 36, 72, 63, 53, 44, 36, 28, 22, 20, 22, 28, 70, 60, 50, 41, 31, 22, 14, 10, 14, 22, 70, 60, 50, 40, 30, 20, 10, 0, 10, 20, 70, 60, 50, 41, 31, 22, 14, 10, 14, 22, 72, 63, 53, 44, 36, 28, 22, 20, 22, 28, 76, 67, 58, 50, 42, 36, 31, 30, 31, 36, 80, 72, 64, 56, 50, 44, 41, 40, 41, 44, 86, 78, 70, 64, 58, 53, 50, 50, 50, 53, ;[5,7] [4,7];(5,7), ;9,2
90, 80, 70, 60, 50, 40, 30, 20, 10, 0, 90, 80, 70, 60, 50, 41, 31, 22, 14, 10, 92, 82, 72, 63, 53, 44, 36, 28, 22, 20, 94, 85, 76, 67, 58, 50, 42, 36, 31, 30, 98, 89, 80, 72, 64, 56, 50, 44, 41, 40, 102, 94, 86, 78, 70, 64, 58, 53, 50, 50, 108, 100, 92, 84, 78, 72, 67, 63, 60, 60, 114, 106, 98, 92, 86, 80, 76, 72, 70, 70, 120, 113, 106, 100, 94, 89, 85, 82, 80, 80, 127, 120, 114, 108, 102, 98, 94, 92, 90, 90, ;[6,4] [0,9];(6,4), (5,5), (4,6), (3,7), (2,8), (1,9), ;7,1
90, 90, 92, 94, 98, 102, 108, 114, 120, 127, 80, 80, 82, 85, 89, 94, 100, 106, 113, 120, 70, 70, 72, 76, 80, 86, 92, 98, 106, 114, 60, 60, 63, 67, 72, 78, 84, 92, 100, 108, 50, 50, 53, 58, 64, 70, 78, 86, 94, 102, 40, 41, 44, 50, 56, 64, 72, 80, 89, 98, 30, 31, 36, 42, 50, 58, 67, 76, 85, 94, 20, 22, 28, 36, 44, 53, 63, 72, 82, 92, 10, 14, 22, 31, 41, 50, 60, 70, 80, 90, 0, 10, 20, 30, 40, 50, 60, 70, 80, 90, ;[9,1] [9,0];(9,1), ;6,8
90, 90, 92, 94, 98, 102, 108, 114, 120, 127, 80, 80, 82, 85, 89, 94, 100, 106, 113, 120, 70, 70, 72, 76, 80, 86, 92, 98, 106, 114, 60, 60, 63, 67, 72, 78, 84, 92, 100, 108, 50, 50, 53, 58, 64, 70, 78, 86, 94, 102, 40, 41, 44, 50, 56, 64, 72, 80, 89, 98, 30, 31, 36, 42, 50, 58, 67, 76, 85, 94, 20, 22, 28, 36, 44, 53, 63, 72, 82, 92, 10, 14, 22, 31, 41, 50, 60, 70, 80, 90, 0, 10, 20, 30, 40, 50, 60, 70, 80, 90, ;[2,0] [9,0];(2,0), (3,0), (4,0), (5,0), (6,0), (7,0), (8,0), ;4,8
10, 0, 10, 20, 30, 40, 50, 60, 70, 80, 14, 10, 14, 22, 31, 41, 50, 60, 70, 80, 22, 20, 22, 28, 36, 44, 53, 63, 72, 82, 31, 30, 31, 36, 42, 50, 58, 67, 76, 85, 41, 40, 41, 44, 50, 56, 64, 72, 80, 89, 50, 50, 50, 53, 58, 64, 70, 78, 86, 94, 60, 60, 60, 63, 67, 72, 78, 84, 92, 100, 70, 70, 70, 72, 76, 80, 86, 92, 98, 106, 80, 80, 80, 82, 85, 89, 94, 100, 106, 113, 90, 90, 90, 92, 94, 98, 102, 108, 114, 120, ;[4,2] [0,1];(4,2), (3,3), (2,3), (1,2), ;2,0
40, 41, 44, 50, 56, 64, 72, 80, 89, 98, 30, 31, 36, 42, 50, 58, 67, 76, 85, 94, 20, 22, 28, 36, 44, 53, 63, 72, 82, 92, 10, 14, 22, 31, 41, 50, 60, 70, 80, 90, 0, 10, 20, 30, 40, 50, 60, 70, 80, 90, 10, 14, 22, 31, 41, 50, 60, 70, 80, 90, 20, 22, 28, 36, 44, 53, 63, 72, 82, 92, 30, 31, 36, 42, 50, 58, 67, 76, 85, 94, 40, 41, 44, 50, 56, 64, 72, 80, 89, 98, 50, 50, 53, 58, 64, 70, 78, 86, 94, 102, ;[2,5] [4,0];(2,5), (1,4), (1,3), (2,2), (3,1), ;5,2
53, 44, 36, 28, 22, 20, 22, 28, 36, 44, 50, 41, 31, 22, 14, 10, 14, 22, 31, 41, 50, 40, 30, 20, 10, 0, 10, 20, 30, 40, 50, 41, 31, 22, 14, 10, 14, 22, 31, 41, 53, 44, 36, 28, 22, 20, 22, 28, 36, 44, 58, 50, 42, 36, 31, 30, 31, 36, 42, 50, 64, 56, 50, 44, 41, 40, 41, 44, 50, 56, 70, 64, 58, 53, 50, 50, 50, 53, 58, 64, 78, 72, 67, 63, 60, 60, 60, 63, 67, 72, 86, 80, 76, 72, 70, 70, 70, 72, 76, 80, ;[6,8] [2,5];(6,8), (5,8), (4,7), (3,6), ;7,3
31, 30, 31, 36, 42, 50, 58, 67, 76, 85, 22, 20, 22, 28, 36, 44, 53, 63, 72, 82, 14, 10, 14, 22, 31, 41, 50, 60, 70, 80, 10, 0, 10, 20, 30, 40, 50, 60, 70, 80, 14, 10, 14, 22, 31, 41, 50, 60, 70, 80, 22, 20, 22, 28, 36, 44, 53, 63, 72, 82, 31, 30, 31, 36, 42, 50, 58, 67, 76, 85, 41, 40, 41, 44, 50, 56, 64, 72, 80, 89, 50, 50, 50, 53, 58, 64, 70, 78, 86, 94, 60, 60, 60, 63, 67, 72, 78, 84, 92, 100, ;[7,7] [3,1];(7,7), (7,6), (7,5), (6,4), (5,3), (4,2), ;2,0
90, 90, 90, 92, 94, 98, 102, 108, 114, 120, 80, 80, 80, 82, 85, 89, 94, 100, 106, 113, 70, 70, 70, 72, 76, 80, 86, 92, 98, 106, 60, 60, 60, 63, 67, 72, 78, 84, 92, 100, 50, 50, 50, 53, 58, 64, 70, 78, 86, 94, 41, 40, 41, 44, 50, 56, 64, 72, 80, 89, 31, 30, 31, 36, 42, 50, 58, 67, 76, 85, 22, 20, 22, 28, 36, 44, 53, 63, 72, 82, 14, 10, 14, 22, 31, 41, 50, 60, 70, 80, 10, 0, 10, 20, 30, 40, 50, 60, 70, 80, ;[5,1] [9,1];(5,1), (6,0), (7,0), (8,0), ;0,8
98, 94, 92, 90, 90, 90, 92, 94, 98, 102, 89, 85, 82, 80, 80, 80, 82, 85, 89, 94, 80, 76, 72, 70, 70, 70, 72, 76, 80, 86, 72, 67, 63, 60, 60, 60, 63, 67, 72, 78, 64, 58, 53, 50, 50, 50, 53, 58, 64, 70, 56, 50, 44, 41, 40, 41, 44, 50, 56, 64, 50, 42, 36, 31, 30, 31, 36, 42, 50, 58, 44, 36, 28, 22, 20, 22, 28, 36, 44, 53, 41, 31, 22, 14, 10, 14, 22, 31, 41, 50, 40, 30, 20, 10, 0, 10, 20, 30, 40, 50, ;[6,6] [9,4];(6,6), (7,6), (8,5), ;4,4
67, 58, 50, 42, 36, 31, 30, 31, 36, 42, 63, 53, 44, 36, 28, 22, 20, 22, 28, 36, 60, 50, 41, 31, 22, 14, 10, 14, 22, 31, 60, 50, 40, 30, 20, 10, 0, 10, 20, 30, 60, 50, 41, 31, 22, 14, 10, 14, 22, 31, 63, 53, 44, 36, 28, 22, 20, 22, 28, 36, 67, 58, 50, 42, 36, 31, 30, 31, 36, 42, 72, 64, 56, 50, 44, 41, 40, 41, 44, 50, 78, 70, 64, 58, 53, 50, 50, 50, 53, 58, 84, 78, 72, 67, 63, 60, 60, 60, 63, 67, ;[6,6] [3,6];(6,6), (5,5), (4,5), ;1,7
86, 78, 70, 64, 58, 53, 50, 50, 50, 53, 80, 72, 64, 56, 50, 44, 41, 40, 41, 44, 76, 67, 58, 50, 42, 36, 31, 30, 31, 36, 72, 63, 53, 44, 36, 28, 22, 20, 22, 28, 70, 60, 50, 41, 31, 22, 14, 10, 14, 22, 70, 60, 50, 40, 30, 20, 10, 0, 10, 20, 70, 60, 50, 41, 31, 22, 14, 10, 14, 22, 72, 63, 53, 44, 36, 28, 22, 20, 22, 28, 76, 67, 58, 50, 42, 36, 31, 30, 31, 36, 80, 72, 64, 56, 50, 44, 41, 40, 41, 44, ;[6,5] [5,7];(6,5), (6,6), ;1,3
36, 31, 30, 31, 36, 42, 50, 58, 67, 76, 28, 22, 20, 22, 28, 36, 44, 53, 63, 72, 22, 14, 10, 14, 22, 31, 41, 50, 60, 70, 20, 10, 0, 10, 20, 30, 40, 50, 60, 70, 22, 14, 10, 14, 22, 31, 41, 50, 60, 70, 28, 22, 20, 22, 28, 36, 44, 53, 63, 72, 36, 31, 30, 31, 36, 42, 50, 58, 67, 76, 44, 41, 40, 41, 44, 50, 56, 64, 72, 80, 53, 50, 50, 50, 53, 58, 64, 70, 78, 86, 63, 60, 60, 60, 63, 67, 72, 78, 84, 92, ;[9,1] [3,2];(9,1), (8,0), (7,0), (6,0), (5,0), (4,1), ;4,4
120, 114, 108, 102, 98, 94, 92, 90, 90, 90, 113, 106, 100, 94, 89, 85, 82, 80, 80, 80, 106, 98, 92, 86, 80, 76, 72, 70, 70, 70, 100, 92, 84, 78, 72, 67, 63, 60, 60, 60, 94, 86, 78, 70, 64, 58, 53, 50, 50, 50, 89, 80, 72, 64, 56, 50, 44, 41, 40, 41, 85, 76, 67, 58, 50, 42, 36, 31, 30, 31, 82, 72, 63, 53, 44, 36, 28, 22, 20, 22, 80, 70, 60, 50, 41, 31, 22, 14, 10, 14, 80, 70, 60, 50, 40, 30, 20, 10, 0, 10, ;[6,0] [9,8];(6,0), (5,1), (4,2), (4,3), (5,4), (6,5), (7,6), (8,7), ;9,3
76, 72, 70, 70, 70, 72, 76, 80, 86, 92, 67, 63, 60, 60, 60, 63, 67, 72, 78, 84, 58, 53, 50, 50, 50, 53, 58, 64, 70, 78, 50, 44, 41, 40, 41, 44, 50, 56, 64, 72, 42, 36, 31, 30, 31, 36, 42, 50, 58, 67, 36, 28, 22, 20, 22, 28, 36, 44, 53, 63, 31, 22, 14, 10, 14, 22, 31, 41, 50, 60, 30, 20, 10, 0, 10, 20, 30, 40, 50, 60, 31, 22, 14, 10, 14, 22, 31, 41, 50, 60, 36, 28, 22, 20, 22, 28, 36, 44, 53, 63, ;[4,7] [7,3];(4,7), (3,6), (4,5), (5,4), (6,3), ;5,7
89, 80, 72, 64, 56, 50, 44, 41, 40, 41, 85, 76, 67, 58, 50, 42, 36, 31, 30, 31, 82, 72, 63, 53, 44, 36, 28, 22, 20, 22, 80, 70, 60, 50, 41, 31, 22, 14, 10, 14, 80, 70, 60, 50, 40, 30, 20, 10, 0, 10, 80, 70, 60, 50, 41, 31, 22, 14, 10, 14, 82, 72, 63, 53, 44, 36, 28, 22, 20, 22, 85, 76, 67, 58, 50, 42, 36, 31, 30, 31, 89, 80, 72, 64, 56, 50, 44, 41, 40, 41, 94, 86, 78, 70, 64, 58, 53, 50, 50, 50, ;[7,1] [4,8];(7,1), (8,2), (8,3), (8,4), (7,5), (6,6), (5,7), ;4,9
50, 40, 30, 20, 10, 0, 10, 20, 30, 40, 50, 41, 31, 22, 14, 10, 14, 22, 31, 41, 53, 44, 36, 28, 22, 20, 22, 28, 36, 44, 58, 50, 42, 36, 31, 30, 31, 36, 42, 50, 64, 56, 50, 44, 41, 40, 41, 44, 50, 56, 70, 64, 58, 53, 50, 50, 50, 53, 58, 64, 78, 72, 67, 63, 60, 60, 60, 63, 67, 72, 86, 80, 76, 72, 70, 70, 70, 72, 76, 80, 94, 89, 85, 82, 80, 80, 80, 82, 85, 89, 102, 98, 94, 92, 90, 90, 90, 92, 94, 98, ;[4,8] [0,5];(4,8), (3,7), (2,6), (1,5), ;9,8
31, 22, 14, 10, 14, 22, 31, 41, 50, 60, 30, 20, 10, 0, 10, 20, 30, 40, 50, 60, 31, 22, 14, 10, 14, 22, 31, 41, 50, 60, 36, 28, 22, 20, 22, 28, 36, 44, 53, 63, 42, 36, 31, 30, 31, 36, 42, 50, 58, 67, 50, 44, 41, 40, 41, 44, 50, 56, 64, 72, 58, 53, 50, 50, 50, 53, 58, 64, 70, 78, 67, 63, 60, 60, 60, 63, 67, 72, 78, 84, 76, 72, 70, 70, 70, 72, 76, 80, 86, 92, 85, 82, 80, 80, 80, 82, 85, 89, 94, 100, ;[5,9] [1,3];(5,9), (4,8), (3,7), (2,6), (1,5), (0,4), ;5,1
53, 50, 50, 50, 53, 58, 64, 70, 78, 86, 44, 41, 40, 41, 44, 50, 56, 64, 72, 80, 36, 31, 30, 31, 36, 42, 50, 58, 67, 76, 28, 22, 20, 22, 28, 36, 44, 53, 63, 72, 22, 14, 10, 14, 22, 31, 41, 50, 60, 70, 20, 10, 0, 10, 20, 30, 40, 50, 60, 70, 22, 14, 10, 14, 22, 31, 41, 50, 60, 70, 28, 22, 20, 22, 28, 36, 44, 53, 63, 72, 36, 31, 30, 31, 36, 42, 50, 58, 67, 76, 44, 41, 40, 41, 44, 50, 56, 64, 72, 80, ;[8,9] [5,2];(8,9), (9,8), (9,7), (9,6), (8,5), (7,4), (6,3), ;3,9
90, 80, 70, 60, 50, 40, 30, 20, 10, 0, 90, 80, 70, 60, 50, 41, 31, 22, 14, 10, 92, 82, 72, 63, 53, 44, 36, 28, 22, 20, 94, 85, 76, 67, 58, 50, 42, 36, 31, 30, 98, 89, 80, 72, 64, 56, 50, 44, 41, 40, 102, 94, 86, 78, 70, 64, 58, 53, 50, 50, 108, 100, 92, 84, 78, 72, 67, 63, 60, 60, 114, 106, 98, 92, 86, 80, 76, 72, 70, 70, 120, 113, 106, 100, 94, 89, 85, 82, 80, 80, 127, 120, 114, 108, 102, 98, 94, 92, 90, 90, ;[8,3] [0,9];(8,3), (7,2), (6,1), (5,1), (4,2), (3,3), (2,4), (1,5), (0,6), (0,7), (0,8), ;5,6
28, 22, 20, 22, 28, 36, 44, 53, 63, 72, 22, 14, 10, 14, 22, 31, 41, 50, 60, 70, 20, 10, 0, 10, 20, 30, 40, 50, 60, 70, 22, 14, 10, 14, 22, 31, 41, 50, 60, 70, 28, 22, 20, 22, 28, 36, 44, 53, 63, 72, 36, 31, 30, 31, 36, 42, 50, 58, 67, 76, 44, 41, 40, 41, 44, 50, 56, 64, 72, 80, 53, 50, 50, 50, 53, 58, 64, 70, 78, 86, 63, 60, 60, 60, 63, 67, 72, 78, 84, 92, 72, 70, 70, 70, 72, 76, 80, 86, 92, 98, ;[6,6] [2,2];(6,6), (5,5), (4,4), (3,3), ;6,1
60, 50, 41, 31, 22, 14, 10, 14, 22, 31, 60, 50, 40, 30, 20, 10, 0, 10, 20, 30, 60, 50, 41, 31, 22, 14, 10, 14, 22, 31, 63, 53, 44, 36, 28, 22, 20, 22, 28, 36, 67, 58, 50, 42, 36, 31, 30, 31, 36, 42, 72, 64, 56, 50, 44, 41, 40, 41, 44, 50, 78, 70, 64, 58, 53, 50, 50, 50, 53, 58, 84, 78, 72, 67, 63, 60, 60, 60, 63, 67, 92, 86, 80, 76, 72, 70, 70, 70, 72, 76, 100, 94, 89, 85, 82, 80, 80, 80, 82, 85, ;[0,0] [1,6];(0,0), (0,1), (0,2), (0,3), (0,4), (0,5), ;5,0
63, 53, 44, 36, 28, 22, 20, 22, 28, 36, 60, 50, 41, 31, 22, 14, 10, 14, 22, 31, 60, 50, 40, 30, 20, 10, 0, 10, 20, 30, 60, 50, 41, 31, 22, 14, 10, 14, 22, 31, 63, 53, 44, 36, 28, 22, 20, 22, 28, 36, 67, 58, 50, 42, 36, 31, 30, 31, 36, 42, 72, 64, 56, 50, 44, 41, 40, 41, 44, 50, 78, 70, 64, 58, 53, 50, 50, 50, 53, 58, 84, 78, 72, 67, 63, 60, 60, 60, 63, 67, 92, 86, 80, 76, 72, 70, 70, 70, 72, 76, ;[2,1] [2,6];(2,1), (1,2), (0,3), (0,4), (1,5), ;7,8
41, 31, 22, 14, 10, 14, 22, 31, 41, 50, 40, 30, 20, 10, 0, 10, 20, 30, 40, 50, 41, 31, 22, 14, 10, 14, 22, 31, 41, 50, 44, 36, 28, 22, 20, 22, 28, 36, 44, 53, 50, 42, 36, 31, 30, 31, 36, 42, 50, 58, 56, 50, 44, 41, 40, 41, 44, 50, 56, 64, 64, 58, 53, 50, 50, 50, 53, 58, 64, 70, 72, 67, 63, 60, 60, 60, 63, 67, 72, 78, 80, 76, 72, 70, 70, 70, 72, 76, 80, 86, 89, 85, 82, 80, 80, 80, 82, 85, 89, 94, ;[6,4] [1,4];(6,4), (5,3), (4,2), (3,2), (2,3), ;1,5
41, 31, 22, 14, 10, 14, 22, 31, 41, 50, 40, 30, 20, 10, 0, 10, 20, 30, 40, 50, 41, 31, 22, 14, 10, 14, 22, 31, 41, 50, 44, 36, 28, 22, 20, 22, 28, 36, 44, 53, 50, 42, 36, 31, 30, 31, 36, 42, 50, 58, 56, 50, 44, 41, 40, 41, 44, 50, 56, 64, 64, 58, 53, 50, 50, 50, 53, 58, 64, 70, 72, 67, 63, 60, 60, 60, 63, 67, 72, 78, 80, 76, 72, 70, 70, 70, 72, 76, 80, 86, 89, 85, 82, 80, 80, 80, 82, 85, 89, 94, ;[2,7] [1,4];(2,7), (1,6), (1,5), ;9,5
41, 40, 41, 44, 50, 56, 64, 72, 80, 89, 31, 30, 31, 36, 42, 50, 58, 67, 76, 85, 22, 20, 22, 28, 36, 44, 53, 63, 72, 82, 14, 10, 14, 22, 31, 41, 50, 60, 70, 80, 10, 0, 10, 20, 30, 40, 50, 60, 70, 80, 14, 10, 14, 22, 31, 41, 50, 60, 70, 80, 22, 20, 22, 28, 36, 44, 53, 63, 72, 82, 31, 30, 31, 36, 42, 50, 58, 67, 76, 85, 41, 40, 41, 44, 50, 56, 64, 72, 80, 89, 50, 50, 50, 53, 58, 64, 70, 78, 86, 94, ;[5,9] [4,1];(5,9), (6,8), (7,7), (8,6), (8,5), (7,4), (6,3), (5,2), ;4,0
80, 70, 60, 50, 40, 30, 20, 10, 0, 10, 80, 70, 60, 50, 41, 31, 22, 14, 10, 14, 82, 72, 63, 53, 44, 36, 28, 22, 20, 22, 85, 76, 67, 58, 50, 42, 36, 31, 30, 31, 89, 80, 72, 64, 56, 50, 44, 41, 40, 41, 94, 86, 78, 70, 64, 58, 53, 50, 50, 50, 100, 92, 84, 78, 72, 67, 63, 60, 60, 60, 106, 98, 92, 86, 80, 76, 72, 70, 70, 70, 113, 106, 100, 94, 89, 85, 82, 80, 80, 80, 120, 114, 108, 102, 98, 94, 92, 90, 90, 90, ;[5,2] [0,8];(5,2), (6,3), (6,4), (5,5), (4,6), (3,7), (2,8), (1,9), ;0,7
90, 90, 92, 94, 98, 102, 108, 114, 120, 127, 80, 80, 82, 85, 89, 94, 100, 106, 113, 120, 70, 70, 72, 76, 80, 86, 92, 98, 106, 114, 60, 60, 63, 67, 72, 78, 84, 92, 100, 108, 50, 50, 53, 58, 64, 70, 78, 86, 94, 102, 40, 41, 44, 50, 56, 64, 72, 80, 89, 98, 30, 31, 36, 42, 50, 58, 67, 76, 85, 94, 20, 22, 28, 36, 44, 53, 63, 72, 82, 92, 10, 14, 22, 31, 41, 50, 60, 70, 80, 90, 0, 10, 20, 30, 40, 50, 60, 70, 80, 90, ;[3,4] [9,0];(3,4), (4,5), (5,5), (6,4), (7,3), (8,2), (9,1), ;7,0
120, 114, 108, 102, 98, 94, 92, 90, 90, 90, 113, 106, 100, 94, 89, 85, 82, 80, 80, 80, 106, 98, 92, 86, 80, 76, 72, 70, 70, 70, 100, 92, 84, 78, 72, 67, 63, 60, 60, 60, 94, 86, 78, 70, 64, 58, 53, 50, 50, 50, 89, 80, 72, 64, 56, 50, 44, 41, 40, 41, 85, 76, 67, 58, 50, 42, 36, 31, 30, 31, 82, 72, 63, 53, 44, 36, 28, 22, 20, 22, 80, 70, 60, 50, 41, 31, 22, 14, 10, 14, 80, 70, 60, 50, 40, 30, 20, 10, 0, 10, ;[1,8] [9,8];(1,8), (2,7), (3,6), (4,5), (5,4), (6,5), (7,6), (8,7), ;1,9
92, 90, 90, 90, 92, 94, 98, 102, 108, 114, 82, 80, 80, 80, 82, 85, 89, 94, 100, 106, 72, 70, 70, 70, 72, 76, 80, 86, 92, 98, 63, 60, 60, 60, 63, 67, 72, 78, 84, 92, 53, 50, 50, 50, 53, 58, 64, 70, 78, 86, 44, 41, 40, 41, 44, 50, 56, 64, 72, 80, 36, 31, 30, 31, 36, 42, 50, 58, 67, 76, 28, 22, 20, 22, 28, 36, 44, 53, 63, 72, 22, 14, 10, 14, 22, 31, 41, 50, 60, 70, 20, 10, 0, 10, 20, 30, 40, 50, 60, 70, ;[5,4] [9,2];(5,4), (6,4), (7,4), (8,3), ;0,2
0, 10, 20, 30, 40, 50, 60, 70, 80, 90, 10, 14, 22, 31, 41, 50, 60, 70, 80, 90, 20, 22, 28, 36, 44, 53, 63, 72, 82, 92, 30, 31, 36, 42, 50, 58, 67, 76, 85, 94, 40, 41, 44, 50, 56, 64, 72, 80, 89, 98, 50, 50, 53, 58, 64, 70, 78, 86, 94, 102, 60, 60, 63, 67, 72, 78, 84, 92, 100, 108, 70, 70, 72, 76, 80, 86, 92, 98, 106, 114, 80, 80, 82, 85, 89, 94, 100, 106, 113, 120, 90, 90, 92, 94, 98, 102, 108, 114, 120, 127, ;[5,1] [0,0];(5,1), (4,0), (3,0), (2,0), (1,0), ;5,3
36, 28, 22, 20, 22, 28, 36, 44, 53, 63, 31, 22, 14, 10, 14, 22, 31, 41, 50, 60, 30, 20, 10, 0, 10, 20, 30, 40, 50, 60, 31, 22, 14, 10, 14, 22, 31, 41, 50, 60, 36, 28, 22, 20, 22, 28, 36, 44, 53, 63, 42, 36, 31, 30, 31, 36, 42, 50, 58, 67, 50, 44, 41, 40, 41, 44, 50, 56, 64, 72, 58, 53, 50, 50, 50, 53, 58, 64, 70, 78, 67, 63, 60, 60, 60, 63, 67, 72, 78, 84, 76, 72, 70, 70, 70, 72, 76, 80, 86, 92, ;[7,5] [2,3];(7,5), (6,6), (5,6), (4,5), (3,4), ;6,2
14, 10, 14, 22, 31, 41, 50, 60, 70, 80, 10, 0, 10, 20, 30, 40, 50, 60, 70, 80, 14, 10, 14, 22, 31, 41, 50, 60, 70, 80, 22, 20, 22, 28, 36, 44, 53, 63, 72, 82, 31, 30, 31, 36, 42, 50, 58, 67, 76, 85, 41, 40, 41, 44, 50, 56, 64, 72, 80, 89, 50, 50, 50, 53, 58, 64, 70, 78, 86, 94, 60, 60, 60, 63, 67, 72, 78, 84, 92, 100, 70, 70, 70, 72, 76, 80, 86, 92, 98, 106, 80, 80, 80, 82, 85, 89, 94, 100, 106, 113, ;[0,3] [1,1];(0,3), (1,2), ;0,7
64, 58, 53, 50, 50, 50, 53, 58, 64, 70, 56, 50, 44, 41, 40, 41, 44, 50, 56, 64, 50, 42, 36, 31, 30, 31, 36, 42, 50, 58, 44, 36, 28, 22, 20, 22, 28, 36, 44, 53, 41, 31, 22, 14, 10, 14, 22, 31, 41, 50, 40, 30, 20, 10, 0, 10, 20, 30, 40, 50, 41, 31, 22, 14, 10, 14, 22, 31, 41, 50, 44, 36, 28, 22, 20, 22, 28, 36, 44, 53, 50, 42, 36, 31, 30, 31, 36, 42, 50, 58, 56, 50, 44, 41, 40, 41, 44, 50, 56, 64, ;[3,9] [5,4];(3,9), (2,8), (2,7), (3,6), (4,5), ;9,7
76, 72, 70, 70, 70, 72, 76, 80, 86, 92, 67, 63, 60, 60, 60, 63, 67, 72, 78, 84, 58, 53, 50, 50, 50, 53, 58, 64, 70, 78, 50, 44, 41, 40, 41, 44, 50, 56, 64, 72, 42, 36, 31, 30, 31, 36, 42, 50, 58, 67, 36, 28, 22, 20, 22, 28, 36, 44, 53, 63, 31, 22, 14, 10, 14, 22, 31, 41, 50, 60, 30, 20, 10, 0, 10, 20, 30, 40, 50, 60, 31, 22, 14, 10, 14, 22, 31, 41, 50, 60, 36, 28, 22, 20, 22, 28, 36, 44, 53, 63, ;[3,6] [7,3];(3,6), (4,6), (5,5), (6,4), ;5,2
102, 94, 86, 78, 70, 64, 58, 53, 50, 50, 98, 89, 80, 72, 64, 56, 50, 44, 41, 40, 94, 85, 76, 67, 58, 50, 42, 36, 31, 30, 92, 82, 72, 63, 53, 44, 36, 28, 22, 20, 90, 80, 70, 60, 50, 41, 31, 22, 14, 10, 90, 80, 70, 60, 50, 40, 30, 20, 10, 0, 90, 80, 70, 60, 50, 41, 31, 22, 14, 10, 92, 82, 72, 63, 53, 44, 36, 28, 22, 20, 94, 85, 76, 67, 58, 50, 42, 36, 31, 30, 98, 89, 80, 72, 64, 56, 50, 44, 41, 40, ;[1,3] [5,9];(1,3), (0,4), (1,5), (2,6), (3,7), (4,8), ;6,0
70, 64, 58, 53, 50, 50, 50, 53, 58, 64, 64, 56, 50, 44, 41, 40, 41, 44, 50, 56, 58, 50, 42, 36, 31, 30, 31, 36, 42, 50, 53, 44, 36, 28, 22, 20, 22, 28, 36, 44, 50, 41, 31, 22, 14, 10, 14, 22, 31, 41, 50, 40, 30, 20, 10, 0, 10, 20, 30, 40, 50, 41, 31, 22, 14, 10, 14, 22, 31, 41, 53, 44, 36, 28, 22, 20, 22, 28, 36, 44, 58, 50, 42, 36, 31, 30, 31, 36, 42, 50, 64, 56, 50, 44, 41, 40, 41, 44, 50, 56, ;[1,8] [5,5];(1,8), (2,7), (3,6), (4,5), ;9,7
78, 70, 64, 58, 53, 50, 50, 50, 53, 58, 72, 64, 56, 50, 44, 41, 40, 41, 44, 50, 67, 58, 50, 42, 36, 31, 30, 31, 36, 42, 63, 53, 44, 36, 28, 22, 20, 22, 28, 36, 60, 50, 41, 31, 22, 14, 10, 14, 22, 31, 60, 50, 40, 30, 20, 10, 0, 10, 20, 30, 60, 50, 41, 31, 22, 14, 10, 14, 22, 31, 63, 53, 44, 36, 28, 22, 20, 22, 28, 36, 67, 58, 50, 42, 36, 31, 30, 31, 36, 42, 72, 64, 56, 50, 44, 41, 40, 41, 44, 50, ;[9,7] [5,6];(9,7), (8,8), (7,8), (6,7), ;4,0
53, 44, 36, 28, 22, 20, 22, 28, 36, 44, 50, 41, 31, 22, 14, 10, 14, 22, 31, 41, 50, 40, 30, 20, 10, 0, 10, 20, 30, 40, 50, 41, 31, 22, 14, 10, 14, 22, 31, 41, 53, 44, 36, 28, 22, 20, 22, 28, 36, 44, 58, 50, 42, 36, 31, 30, 31, 36, 42, 50, 64, 56, 50, 44, 41, 40, 41, 44, 50, 56, 70, 64, 58, 53, 50, 50, 50, 53, 58, 64, 78, 72, 67, 63, 60, 60, 60, 63, 67, 72, 86, 80, 76, 72, 70, 70, 70, 72, 76, 80, ;[1,0] [2,5];(1,0), (0,1), (0,2), (0,3), (1,4), ;2,3
50, 40, 30, 20, 10, 0, 10, 20, 30, 40, 50, 41, 31, 22, 14, 10, 14, 22, 31, 41, 53, 44, 36, 28, 22, 20, 22, 28, 36, 44, 58, 50, 42, 36, 31, 30, 31, 36, 42, 50, 64, 56, 50, 44, 41, 40, 41, 44, 50, 56, 70, 64, 58, 53, 50, 50, 50, 53, 58, 64, 78, 72, 67, 63, 60, 60, 60, 63, 67, 72, 86, 80, 76, 72, 70, 70, 70, 72, 76, 80, 94, 89, 85, 82, 80, 80, 80, 82, 85, 89, 102, 98, 94, 92, 90, 90, 90, 92, 94, 98, ;[5,3] [0,5];(5,3), (4,2), (3,1), (2,2), (1,3), (0,4), ;3,4
80, 70, 60, 50, 41, 31, 22, 14, 10, 14, 80, 70, 60, 50, 40, 30, 20, 10, 0, 10, 80, 70, 60, 50, 41, 31, 22, 14, 10, 14, 82, 72, 63, 53, 44, 36, 28, 22, 20, 22, 85, 76, 67, 58, 50, 42, 36, 31, 30, 31, 89, 80, 72, 64, 56, 50, 44, 41, 40, 41, 94, 86, 78, 70, 64, 58, 53, 50, 50, 50, 100, 92, 84, 78, 72, 67, 63, 60, 60, 60, 106, 98, 92, 86, 80, 76, 72, 70, 70, 70, 113, 106, 100, 94, 89, 85, 82, 80, 80, 80, ;[5,0] [1,8];(5,0), (4,1), (3,2), (2,3), (1,4), (0,5), (0,6), (0,7), ;7,2
53, 44, 36, 28, 22, 20, 22, 28, 36, 44, 50, 41, 31, 22, 14, 10, 14, 22, 31, 41, 50, 40, 30, 20, 10, 0, 10, 20, 30, 40, 50, 41, 31, 22, 14, 10, 14, 22, 31, 41, 53, 44, 36, 28, 22, 20, 22, 28, 36, 44, 58, 50, 42, 36, 31, 30, 31, 36, 42, 50, 64, 56, 50, 44, 41, 40, 41, 44, 50, 56, 70, 64, 58, 53, 50, 50, 50, 53, 58, 64, 78, 72, 67, 63, 60, 60, 60, 63, 67, 72, 86, 80, 76, 72, 70, 70, 70, 72, 76, 80, ;[1,2] [2,5];(1,2), (2,3), (3,4), ;0,6
98, 89, 80, 72, 64, 56, 50, 44, 41, 40, 94, 85, 76, 67, 58, 50, 42, 36, 31, 30, 92, 82, 72, 63, 53, 44, 36, 28, 22, 20, 90, 80, 70, 60, 50, 41, 31, 22, 14, 10, 90, 80, 70, 60, 50, 40, 30, 20, 10, 0, 90, 80, 70, 60, 50, 41, 31, 22, 14, 10, 92, 82, 72, 63, 53, 44, 36, 28, 22, 20, 94, 85, 76, 67, 58, 50, 42, 36, 31, 30, 98, 89, 80, 72, 64, 56, 50, 44, 41, 40, 102, 94, 86, 78, 70, 64, 58, 53, 50, 50, ;[9,7] [4,9];(9,7), (8,8), (7,9), (6,9), (5,9), ;9,6
20, 10, 0, 10, 20, 30, 40, 50, 60, 70, 22, 14, 10, 14, 22, 31, 41, 50, 60, 70, 28, 22, 20, 22, 28, 36, 44, 53, 63, 72, 36, 31, 30, 31, 36, 42, 50, 58, 67, 76, 44, 41, 40, 41, 44, 50, 56, 64, 72, 80, 53, 50, 50, 50, 53, 58, 64, 70, 78, 86, 63, 60, 60, 60, 63, 67, 72, 78, 84, 92, 72, 70, 70, 70, 72, 76, 80, 86, 92, 98, 82, 80, 80, 80, 82, 85, 89, 94, 100, 106, 92, 90, 90, 90, 92, 94, 98, 102, 108, 114, ;[0,3] [0,2];(0,3), ;3,1
10, 14, 22, 31, 41, 50, 60, 70, 80, 90, 0, 10, 20, 30, 40, 50, 60, 70, 80, 90, 10, 14, 22, 31, 41, 50, 60, 70, 80, 90, 20, 22, 28, 36, 44, 53, 63, 72, 82, 92, 30, 31, 36, 42, 50, 58, 67, 76, 85, 94, 40, 41, 44, 50, 56, 64, 72, 80, 89, 98, 50, 50, 53, 58, 64, 70, 78, 86, 94, 102, 60, 60, 63, 67, 72, 78, 84, 92, 100, 108, 70, 70, 72, 76, 80, 86, 92, 98, 106, 114, 80, 80, 82, 85, 89, 94, 100, 106, 113, 120, ;[8,4] [1,0];(8,4), (7,3), (6,2), (5,1), (4,0), (3,0), (2,0), ;6,8
102, 94, 86, 78, 70, 64, 58, 53, 50, 50, 98, 89, 80, 72, 64, 56, 50, 44, 41, 40, 94, 85, 76, 67, 58, 50, 42, 36, 31, 30, 92, 82, 72, 63, 53, 44, 36, 28, 22, 20, 90, 80, 70, 60, 50, 41, 31, 22, 14, 10, 90, 80, 70, 60, 50, 40, 30, 20, 10, 0, 90, 80, 70, 60, 50, 41, 31, 22, 14, 10, 92, 82, 72, 63, 53, 44, 36, 28, 22, 20, 94, 85, 76, 67, 58, 50, 42, 36, 31, 30, 98, 89, 80, 72, 64, 56, 50, 44, 41, 40, ;[5,7] [5,9];(5,7), (4,8), ;5,5
90, 80, 70, 60, 50, 41, 31, 22, 14, 10, 90, 80, 70, 60, 50, 40, 30, 20, 10, 0, 90, 80, 70, 60, 50, 41, 31, 22, 14, 10, 92, 82, 72, 63, 53, 44, 36, 28, 22, 20, 94, 85, 76, 67, 58, 50, 42, 36, 31, 30, 98, 89, 80, 72, 64, 56, 50, 44, 41, 40, 102, 94, 86, 78, 70, 64, 58, 53, 50, 50, 108, 100, 92, 84, 78, 72, 67, 63, 60, 60, 114, 106, 98, 92, 86, 80, 76, 72, 70, 70, 120, 113, 106, 100, 94, 89, 85, 82, 80, 80, ;[3,4] [1,9];(3,4), (2,5), (1,6), (0,7), (0,8), ;4,5
72, 70, 70, 70, 72, 76, 80, 86, 92, 98, 63, 60, 60, 60, 63, 67, 72, 78, 84, 92, 53, 50, 50, 50, 53, 58, 64, 70, 78, 86, 44, 41, 40, 41, 44, 50, 56, 64, 72, 80, 36, 31, 30, 31, 36, 42, 50, 58, 67, 76, 28, 22, 20, 22, 28, 36, 44, 53, 63, 72, 22, 14, 10, 14, 22, 31, 41, 50, 60, 70, 20, 10, 0, 10, 20, 30, 40, 50, 60, 70, 22, 14, 10, 14, 22, 31, 41, 50, 60, 70, 28, 22, 20, 22, 28, 36, 44, 53, 63, 72, ;[4,3] [7,2];(4,3), (5,2), (6,1), ;5,7
92, 82, 72, 63, 53, 44, 36, 28, 22, 20, 90, 80, 70, 60, 50, 41, 31, 22, 14, 10, 90, 80, 70, 60, 50, 40, 30, 20, 10, 0, 90, 80, 70, 60, 50, 41, 31, 22, 14, 10, 92, 82, 72, 63, 53, 44, 36, 28, 22, 20, 94, 85, 76, 67, 58, 50, 42, 36, 31, 30, 98, 89, 80, 72, 64, 56, 50, 44, 41, 40, 102, 94, 86, 78, 70, 64, 58, 53, 50, 50, 108, 100, 92, 84, 78, 72, 67, 63, 60, 60, 114, 106, 98, 92, 86, 80, 76, 72, 70, 70, ;[2,7] [2,9];(2,7), (1,8), ;3,8
100, 92, 84, 78, 72, 67, 63, 60, 60, 60, 94, 86, 78, 70, 64, 58, 53, 50, 50, 50, 89, 80, 72, 64, 56, 50, 44, 41, 40, 41, 85, 76, 67, 58, 50, 42, 36, 31, 30, 31, 82, 72, 63, 53, 44, 36, 28, 22, 20, 22, 80, 70, 60, 50, 41, 31, 22, 14, 10, 14, 80, 70, 60, 50, 40, 30, 20, 10, 0, 10, 80, 70, 60, 50, 41, 31, 22, 14, 10, 14, 82, 72, 63, 53, 44, 36, 28, 22, 20, 22, 85, 76, 67, 58, 50, 42, 36, 31, 30, 31, ;[9,9] [6,8];(9,9), (8,9), (7,9), ;8,2
40, 41, 44, 50, 56, 64, 72, 80, 89, 98, 30, 31, 36, 42, 50, 58, 67, 76, 85, 94, 20, 22, 28, 36, 44, 53, 63, 72, 82, 92, 10, 14, 22, 31, 41, 50, 60, 70, 80, 90, 0, 10, 20, 30, 40, 50, 60, 70, 80, 90, 10, 14, 22, 31, 41, 50, 60, 70, 80, 90, 20, 22, 28, 36, 44, 53, 63, 72, 82, 92, 30, 31, 36, 42, 50, 58, 67, 76, 85, 94, 40, 41, 44, 50, 56, 64, 72, 80, 89, 98, 50, 50, 53, 58, 64, 70, 78, 86, 94, 102, ;[9,3] [4,0];(9,3), (8,2), (7,1), (6,0), (5,0), ;5,2
70, 60, 50, 41, 31, 22, 14, 10, 14, 22, 70, 60, 50, 40, 30, 20, 10, 0, 10, 20, 70, 60, 50, 41, 31, 22, 14, 10, 14, 22, 72, 63, 53, 44, 36, 28, 22, 20, 22, 28, 76, 67, 58, 50, 42, 36, 31, 30, 31, 36, 80, 72, 64, 56, 50, 44, 41, 40, 41, 44, 86, 78, 70, 64, 58, 53, 50, 50, 50, 53, 92, 84, 78, 72, 67, 63, 60, 60, 60, 63, 98, 92, 86, 80, 76, 72, 70, 70, 70, 72, 106, 100, 94, 89, 85, 82, 80, 80, 80, 82, ;[9,7] [1,7];(9,7), (8,6), (7,5), (6,4), (5,3), (4,4), (3,5), (2,6), ;3,9
67, 63, 60, 60, 60, 63, 67, 72, 78, 84, 58, 53, 50, 50, 50, 53, 58, 64, 70, 78, 50, 44, 41, 40, 41, 44, 50, 56, 64, 72, 42, 36, 31, 30, 31, 36, 42, 50, 58, 67, 36, 28, 22, 20, 22, 28, 36, 44, 53, 63, 31, 22, 14, 10, 14, 22, 31, 41, 50, 60, 30, 20, 10, 0, 10, 20, 30, 40, 50, 60, 31, 22, 14, 10, 14, 22, 31, 41, 50, 60, 36, 28, 22, 20, 22, 28, 36, 44, 53, 63, 42, 36, 31, 30, 31, 36, 42, 50, 58, 67, ;[2,4] [6,3];(2,4), (3,3), (4,2), (5,2), ;9,7
78, 72, 67, 63, 60, 60, 60, 63, 67, 72, 70, 64, 58, 53, 50, 50, 50, 53, 58, 64, 64, 56, 50, 44, 41, 40, 41, 44, 50, 56, 58, 50, 42, 36, 31, 30, 31, 36, 42, 50, 53, 44, 36, 28, 22, 20, 22, 28, 36, 44, 50, 41, 31, 22, 14, 10, 14, 22, 31, 41, 50, 40, 30, 20, 10, 0, 10, 20, 30, 40, 50, 41, 31, 22, 14, 10, 14, 22, 31, 41, 53, 44, 36, 28, 22, 20, 22, 28, 36, 44, 58, 50, 42, 36, 31, 30, 31, 36, 42, 50, ;[3,3] [6,5];(3,3), (4,3), (5,4), ;8,6
50, 42, 36, 31, 30, 31, 36, 42, 50, 58, 44, 36, 28, 22, 20, 22, 28, 36, 44, 53, 41, 31, 22, 14, 10, 14, 22, 31, 41, 50, 40, 30, 20, 10, 0, 10, 20, 30, 40, 50, 41, 31, 22, 14, 10, 14, 22, 31, 41, 50, 44, 36, 28, 22, 20, 22, 28, 36, 44, 53, 50, 42, 36, 31, 30, 31, 36, 42, 50, 58, 56, 50, 44, 41, 40, 41, 44, 50, 56, 64, 64, 58, 53, 50, 50, 50, 53, 58, 64, 70, 72, 67, 63, 60, 60, 60, 63, 67, 72, 78, ;[2,6] [3,4];(2,6), (2,5), ;9,1
106, 100, 94, 89, 85, 82, 80, 80, 80, 82, 98, 92, 86, 80, 76, 72, 70, 70, 70, 72, 92, 84, 78, 72, 67, 63, 60, 60, 60, 63, 86, 78, 70, 64, 58, 53, 50, 50, 50, 53, 80, 72, 64, 56, 50, 44, 41, 40, 41, 44, 76, 67, 58, 50, 42, 36, 31, 30, 31, 36, 72, 63, 53, 44, 36, 28, 22, 20, 22, 28, 70, 60, 50, 41, 31, 22, 14, 10, 14, 22, 70, 60, 50, 40, 30, 20, 10, 0, 10, 20, 70, 60, 50, 41, 31, 22, 14, 10, 14, 22, ;[9,9] [8,7];(9,9), (9,8), ;4,0
76, 67, 58, 50, 42, 36, 31, 30, 31, 36, 72, 63, 53, 44, 36, 28, 22, 20, 22, 28, 70, 60, 50, 41, 31, 22, 14, 10, 14, 22, 70, 60, 50, 40, 30, 20, 10, 0, 10, 20, 70, 60, 50, 41, 31, 22, 14, 10, 14, 22, 72, 63, 53, 44, 36, 28, 22, 20, 22, 28, 76, 67, 58, 50, 42, 36, 31, 30, 31, 36, 80, 72, 64, 56, 50, 44, 41, 40, 41, 44, 86, 78, 70, 64, 58, 53, 50, 50, 50, 53, 92, 84, 78, 72, 67, 63, 60, 60, 60, 63, ;[2,7] [3,7];(2,7), ;4,2
98, 89, 80, 72, 64, 56, 50, 44, 41, 40, 94, 85, 76, 67, 58, 50, 42, 36, 31, 30, 92, 82, 72, 63, 53, 44, 36, 28, 22, 20, 90, 80, 70, 60, 50, 41, 31, 22, 14, 10, 90, 80, 70, 60, 50, 40, 30, 20, 10, 0, 90, 80, 70, 60, 50, 41, 31, 22, 14, 10, 92, 82, 72, 63, 53, 44, 36, 28, 22, 20, 94, 85, 76, 67, 58, 50, 42, 36, 31, 30, 98, 89, 80, 72, 64, 56, 50, 44, 41, 40, 102, 94, 86, 78, 70, 64, 58, 53, 50, 50, ;[3,8] [4,9];(3,8), ;1,9
63, 53, 44, 36, 28, 22, 20, 22, 28, 36, 60, 50, 41, 31, 22, 14, 10, 14, 22, 31, 60, 50, 40, 30, 20, 10, 0, 10, 20, 30, 60, 50, 41, 31, 22, 14, 10, 14, 22, 31, 63, 53, 44, 36, 28, 22, 20, 22, 28, 36, 67, 58, 50, 42, 36, 31, 30, 31, 36, 42, 72, 64, 56, 50, 44, 41, 40, 41, 44, 50, 78, 70, 64, 58, 53, 50, 50, 50, 53, 58, 84, 78, 72, 67, 63, 60, 60, 60, 63, 67, 92, 86, 80, 76, 72, 70, 70, 70, 72, 76, ;[6,9] [2,6];(6,9), (5,9), (4,8), (3,7), ;2,5
36, 31, 30, 31, 36, 42, 50, 58, 67, 76, 28, 22, 20, 22, 28, 36, 44, 53, 63, 72, 22, 14, 10, 14, 22, 31, 41, 50, 60, 70, 20, 10, 0, 10, 20, 30, 40, 50, 60, 70, 22, 14, 10, 14, 22, 31, 41, 50, 60, 70, 28, 22, 20, 22, 28, 36, 44, 53, 63, 72, 36, 31, 30, 31, 36, 42, 50, 58, 67, 76, 44, 41, 40, 41, 44, 50, 56, 64, 72, 80, 53, 50, 50, 50, 53, 58, 64, 70, 78, 86, 63, 60, 60, 60, 63, 67, 72, 78, 84, 92, ;[7,2] [3,2];(7,2), (6,1), (5,0), (4,1), ;1,5
28, 22, 20, 22, 28, 36, 44, 53, 63, 72, 22, 14, 10, 14, 22, 31, 41, 50, 60, 70, 20, 10, 0, 10, 20, 30, 40, 50, 60, 70, 22, 14, 10, 14, 22, 31, 41, 50, 60, 70, 28, 22, 20, 22, 28, 36, 44, 53, 63, 72, 36, 31, 30, 31, 36, 42, 50, 58, 67, 76, 44, 41, 40, 41, 44, 50, 56, 64, 72, 80, 53, 50, 50, 50, 53, 58, 64, 70, 78, 86, 63, 60, 60, 60, 63, 67, 72, 78, 84, 92, 72, 70, 70, 70, 72, 76, 80, 86, 92, 98, ;[6,0] [2,2];(6,0), (5,0), (4,0), (3,1), ;3,9
106, 100, 94, 89, 85, 82, 80, 80, 80, 82, 98, 92, 86, 80, 76, 72, 70, 70, 70, 72, 92, 84, 78, 72, 67, 63, 60, 60, 60, 63, 86, 78, 70, 64, 58, 53, 50, 50, 50, 53, 80, 72, 64, 56, 50, 44, 41, 40, 41, 44, 76, 67, 58, 50, 42, 36, 31, 30, 31, 36, 72, 63, 53, 44, 36, 28, 22, 20, 22, 28, 70, 60, 50, 41, 31, 22, 14, 10, 14, 22, 70, 60, 50, 40, 30, 20, 10, 0, 10, 20, 70, 60, 50, 41, 31, 22, 14, 10, 14, 22, ;[1,9] [8,7];(1,9), (2,9), (3,9), (4,9), (5,9), (6,9), (7,8), ;2,7
114, 108, 102, 98, 94, 92, 90, 90, 90, 92, 106, 100, 94, 89, 85, 82, 80, 80, 80, 82, 98, 92, 86, 80, 76, 72, 70, 70, 70, 72, 92, 84, 78, 72, 67, 63, 60, 60, 60, 63, 86, 78, 70, 64, 58, 53, 50, 50, 50, 53, 80, 72, 64, 56, 50, 44, 41, 40, 41, 44, 76, 67, 58, 50, 42, 36, 31, 30, 31, 36, 72, 63, 53, 44, 36, 28, 22, 20, 22, 28, 70, 60, 50, 41, 31, 22, 14, 10, 14, 22, 70, 60, 50, 40, 30, 20, 10, 0, 10, 20, ;[0,3] [9,7];(0,3), (1,4), (2,5), (3,6), (4,7), (5,8), (6,9), (7,9), (8,8), ;5,3
36, 28, 22, 20, 22, 28, 36, 44, 53, 63, 31, 22, 14, 10, 14, 22, 31, 41, 50, 60, 30, 20, 10, 0, 10, 20, 30, 40, 50, 60, 31, 22, 14, 10, 14, 22, 31, 41, 50, 60, 36, 28, 22, 20, 22, 28, 36, 44, 53, 63, 42, 36, 31, 30, 31, 36, 42, 50, 58, 67, 50, 44, 41, 40, 41, 44, 50, 56, 64, 72, 58, 53, 50, 50, 50, 53, 58, 64, 70, 78, 67, 63, 60, 60, 60, 63, 67, 72, 78, 84, 76, 72, 70, 70, 70, 72, 76, 80, 86, 92, ;[9,5] [2,3];(9,5), (8,6), (7,7), (6,7), (5,6), (4,5), (3,4), ;6,1
102, 94, 86, 78, 70, 64, 58, 53, 50, 50, 98, 89, 80, 72, 64, 56, 50, 44, 41, 40, 94, 85, 76, 67, 58, 50, 42, 36, 31, 30, 92, 82, 72, 63, 53, 44, 36, 28, 22, 20, 90, 80, 70, 60, 50, 41, 31, 22, 14, 10, 90, 80, 70, 60, 50, 40, 30, 20, 10, 0, 90, 80, 70, 60, 50, 41, 31, 22, 14, 10, 92, 82, 72, 63, 53, 44, 36, 28, 22, 20, 94, 85, 76, 67, 58, 50, 42, 36, 31, 30, 98, 89, 80, 72, 64, 56, 50, 44, 41, 40, ;[6,3] [5,9];(6,3), (7,4), (8,5), (8,6), (7,7), (6,8), ;1,9
53, 50, 50, 50, 53, 58, 64, 70, 78, 86, 44, 41, 40, 41, 44, 50, 56, 64, 72, 80, 36, 31, 30, 31, 36, 42, 50, 58, 67, 76, 28, 22, 20, 22, 28, 36, 44, 53, 63, 72, 22, 14, 10, 14, 22, 31, 41, 50, 60, 70, 20, 10, 0, 10, 20, 30, 40, 50, 60, 70, 22, 14, 10, 14, 22, 31, 41, 50, 60, 70, 28, 22, 20, 22, 28, 36, 44, 53, 63, 72, 36, 31, 30, 31, 36, 42, 50, 58, 67, 76, 44, 41, 40, 41, 44, 50, 56, 64, 72, 80, ;[1,8] [5,2];(1,8), (2,8), (3,7), (4,6), (5,5), (6,4), (6,3), ;1,5
41, 31, 22, 14, 10, 14, 22, 31, 41, 50, 40, 30, 20, 10, 0, 10, 20, 30, 40, 50, 41, 31, 22, 14, 10, 14, 22, 31, 41, 50, 44, 36, 28, 22, 20, 22, 28, 36, 44, 53, 50, 42, 36, 31, 30, 31, 36, 42, 50, 58, 56, 50, 44, 41, 40, 41, 44, 50, 56, 64, 64, 58, 53, 50, 50, 50, 53, 58, 64, 70, 72, 67, 63, 60, 60, 60, 63, 67, 72, 78, 80, 76, 72, 70, 70, 70, 72, 76, 80, 86, 89, 85, 82, 80, 80, 80, 82, 85, 89, 94, ;[2,8] [1,4];(2,8), (1,7), (0,6), (0,5), ;3,4
90, 90, 92, 94, 98, 102, 108, 114, 120, 127, 80, 80, 82, 85, 89, 94, 100, 106, 113, 120, 70, 70, 72, 76, 80, 86, 92, 98, 106, 114, 60, 60, 63, 67, 72, 78, 84, 92, 100, 108, 50, 50, 53, 58, 64, 70, 78, 86, 94, 102, 40, 41, 44, 50, 56, 64, 72, 80, 89, 98, 30, 31, 36, 42, 50, 58, 67, 76, 85, 94, 20, 22, 28, 36, 44, 53, 63, 72, 82, 92, 10, 14, 22, 31, 41, 50, 60, 70, 80, 90, 0, 10, 20, 30, 40, 50, 60, 70, 80, 90, ;[2,5] [9,0];(2,5), (3,4), (4,3), (5,2), (6,1), (7,0), (8,0), ;7,5
70, 70, 72, 76, 80, 86, 92, 98, 106, 114, 60, 60, 63, 67, 72, 78, 84, 92, 100, 108, 50, 50, 53, 58, 64, 70, 78, 86, 94, 102, 40, 41, 44, 50, 56, 64, 72, 80, 89, 98, 30, 31, 36, 42, 50, 58, 67, 76, 85, 94, 20, 22, 28, 36, 44, 53, 63, 72, 82, 92, 10, 14, 22, 31, 41, 50, 60, 70, 80, 90, 0, 10, 20, 30, 40, 50, 60, 70, 80, 90, 10, 14, 22, 31, 41, 50, 60, 70, 80, 90, 20, 22, 28, 36, 44, 53, 63, 72, 82, 92, ;[4,5] [7,0];(4,5), (5,6), (6,5), (7,4), (8,3), (9,2), (8,1), ;5,2
31, 30, 31, 36, 42, 50, 58, 67, 76, 85, 22, 20, 22, 28, 36, 44, 53, 63, 72, 82, 14, 10, 14, 22, 31, 41, 50, 60, 70, 80, 10, 0, 10, 20, 30, 40, 50, 60, 70, 80, 14, 10, 14, 22, 31, 41, 50, 60, 70, 80, 22, 20, 22, 28, 36, 44, 53, 63, 72, 82, 31, 30, 31, 36, 42, 50, 58, 67, 76, 85, 41, 40, 41, 44, 50, 56, 64, 72, 80, 89, 50, 50, 50, 53, 58, 64, 70, 78, 86, 94, 60, 60, 60, 63, 67, 72, 78, 84, 92, 100, ;[5,1] [3,1];(5,1), (4,0), ;3,5
76, 72, 70, 70, 70, 72, 76, 80, 86, 92, 67, 63, 60, 60, 60, 63, 67, 72, 78, 84, 58, 53, 50, 50, 50, 53, 58, 64, 70, 78, 50, 44, 41, 40, 41, 44, 50, 56, 64, 72, 42, 36, 31, 30, 31, 36, 42, 50, 58, 67, 36, 28, 22, 20, 22, 28, 36, 44, 53, 63, 31, 22, 14, 10, 14, 22, 31, 41, 50, 60, 30, 20, 10, 0, 10, 20, 30, 40, 50, 60, 31, 22, 14, 10, 14, 22, 31, 41, 50, 60, 36, 28, 22, 20, 22, 28, 36, 44, 53, 63, ;[2,8] [7,3];(2,8), (3,7), (4,6), (5,5), (6,4), ;4,9
50, 40, 30, 20, 10, 0, 10, 20, 30, 40, 50, 41, 31, 22, 14, 10, 14, 22, 31, 41, 53, 44, 36, 28, 22, 20, 22, 28, 36, 44, 58, 50, 42, 36, 31, 30, 31, 36, 42, 50, 64, 56, 50, 44, 41, 40, 41, 44, 50, 56, 70, 64, 58, 53, 50, 50, 50, 53, 58, 64, 78, 72, 67, 63, 60, 60, 60, 63, 67, 72, 86, 80, 76, 72, 70, 70, 70, 72, 76, 80, 94, 89, 85, 82, 80, 80, 80, 82, 85, 89, 102, 98, 94, 92, 90, 90, 90, 92, 94, 98, ;[9,6] [0,5];(9,6), (8,7), (7,8), (6,9), (5,9), (4,9), (3,8), (2,7), (1,6), ;6,1
89, 80, 72, 64, 56, 50, 44, 41, 40, 41, 85, 76, 67, 58, 50, 42, 36, 31, 30, 31, 82, 72, 63, 53, 44, 36, 28, 22, 20, 22, 80, 70, 60, 50, 41, 31, 22, 14, 10, 14, 80, 70, 60, 50, 40, 30, 20, 10, 0, 10, 80, 70, 60, 50, 41, 31, 22, 14, 10, 14, 82, 72, 63, 53, 44, 36, 28, 22, 20, 22, 85, 76, 67, 58, 50, 42, 36, 31, 30, 31, 89, 80, 72, 64, 56, 50, 44, 41, 40, 41, 94, 86, 78, 70, 64, 58, 53, 50, 50, 50, ;[7,1] [4,8];(7,1), (8,2), (9,3), (8,4), (7,5), (6,6), (5,7), ;4,4
67, 58, 50, 42, 36, 31, 30, 31, 36, 42, 63, 53, 44, 36, 28, 22, 20, 22, 28, 36, 60, 50, 41, 31, 22, 14, 10, 14, 22, 31, 60, 50, 40, 30, 20, 10, 0, 10, 20, 30, 60, 50, 41, 31, 22, 14, 10, 14, 22, 31, 63, 53, 44, 36, 28, 22, 20, 22, 28, 36, 67, 58, 50, 42, 36, 31, 30, 31, 36, 42, 72, 64, 56, 50, 44, 41, 40, 41, 44, 50, 78, 70, 64, 58, 53, 50, 50, 50, 53, 58, 84, 78, 72, 67, 63, 60, 60, 60, 63, 67, ;[3,8] [3,6];(3,8), (3,7), ;3,0
78, 72, 67, 63, 60, 60, 60, 63, 67, 72, 70, 64, 58, 53, 50, 50, 50, 53, 58, 64, 64, 56, 50, 44, 41, 40, 41, 44, 50, 56, 58, 50, 42, 36, 31, 30, 31, 36, 42, 50, 53, 44, 36, 28, 22, 20, 22, 28, 36, 44, 50, 41, 31, 22, 14, 10, 14, 22, 31, 41, 50, 40, 30, 20, 10, 0, 10, 20, 30, 40, 50, 41, 31, 22, 14, 10, 14, 22, 31, 41, 53, 44, 36, 28, 22, 20, 22, 28, 36, 44, 58, 50, 42, 36, 31, 30, 31, 36, 42, 50, ;[8,5] [6,5];(8,5), (7,6), ;9,2
30, 20, 10, 0, 10, 20, 30, 40, 50, 60, 31, 22, 14, 10, 14, 22, 31, 41, 50, 60, 36, 28, 22, 20, 22, 28, 36, 44, 53, 63, 42, 36, 31, 30, 31, 36, 42, 50, 58, 67, 50, 44, 41, 40, 41, 44, 50, 56, 64, 72, 58, 53, 50, 50, 50, 53, 58, 64, 70, 78, 67, 63, 60, 60, 60, 63, 67, 72, 78, 84, 76, 72, 70, 70, 70, 72, 76, 80, 86, 92, 85, 82, 80, 80, 80, 82, 85, 89, 94, 100, 94, 92, 90, 90, 90, 92, 94, 98, 102, 108, ;[0,8] [0,3];(0,8), (0,7), (0,6), (0,5), (0,4), ;9,4
31, 22, 14, 10, 14, 22, 31, 41, 50, 60, 30, 20, 10, 0, 10, 20, 30, 40, 50, 60, 31, 22, 14, 10, 14, 22, 31, 41, 50, 60, 36, 28, 22, 20, 22, 28, 36, 44, 53, 63, 42, 36, 31, 30, 31, 36, 42, 50, 58, 67, 50, 44, 41, 40, 41, 44, 50, 56, 64, 72, 58, 53, 50, 50, 50, 53, 58, 64, 70, 78, 67, 63, 60, 60, 60, 63, 67, 72, 78, 84, 76, 72, 70, 70, 70, 72, 76, 80, 86, 92, 85, 82, 80, 80, 80, 82, 85, 89, 94, 100, ;[0,9] [1,3];(0,9), (0,8), (0,7), (0,6), (0,5), (0,4), ;7,5
63, 60, 60, 60, 63, 67, 72, 78, 84, 92, 53, 50, 50, 50, 53, 58, 64, 70, 78, 86, 44, 41, 40, 41, 44, 50, 56, 64, 72, 80, 36, 31, 30, 31, 36, 42, 50, 58, 67, 76, 28, 22, 20, 22, 28, 36, 44, 53, 63, 72, 22, 14, 10, 14, 22, 31, 41, 50, 60, 70, 20, 10, 0, 10, 20, 30, 40, 50, 60, 70, 22, 14, 10, 14, 22, 31, 41, 50, 60, 70, 28, 22, 20, 22, 28, 36, 44, 53, 63, 72, 36, 31, 30, 31, 36, 42, 50, 58, 67, 76, ;[3,4] [6,2];(3,4), (4,4), (5,3), ;8,1
50, 42, 36, 31, 30, 31, 36, 42, 50, 58, 44, 36, 28, 22, 20, 22, 28, 36, 44, 53, 41, 31, 22, 14, 10, 14, 22, 31, 41, 50, 40, 30, 20, 10, 0, 10, 20, 30, 40, 50, 41, 31, 22, 14, 10, 14, 22, 31, 41, 50, 44, 36, 28, 22, 20, 22, 28, 36, 44, 53, 50, 42, 36, 31, 30, 31, 36, 42, 50, 58, 56, 50, 44, 41, 40, 41, 44, 50, 56, 64, 64, 58, 53, 50, 50, 50, 53, 58, 64, 70, 72, 67, 63, 60, 60, 60, 63, 67, 72, 78, ;[5,0] [3,4];(5,0), (4,1), (3,2), (3,3), ;6,8
82, 72, 63, 53, 44, 36, 28, 22, 20, 22, 80, 70, 60, 50, 41, 31, 22, 14, 10, 14, 80, 70, 60, 50, 40, 30, 20, 10, 0, 10, 80, 70, 60, 50, 41, 31, 22, 14, 10, 14, 82, 72, 63, 53, 44, 36, 28, 22, 20, 22, 85, 76, 67, 58, 50, 42, 36, 31, 30, 31, 89, 80, 72, 64, 56, 50, 44, 41, 40, 41, 94, 86, 78, 70, 64, 58, 53, 50, 50, 50, 100, 92, 84, 78, 72, 67, 63, 60, 60, 60, 106, 98, 92, 86, 80, 76, 72, 70, 70, 70, ;[8,8] [2,8];(8,8), (7,7), (6,6), (5,5), (4,6), (3,7), ;5,9
58, 50, 42, 36, 31, 30, 31, 36, 42, 50, 53, 44, 36, 28, 22, 20, 22, 28, 36, 44, 50, 41, 31, 22, 14, 10, 14, 22, 31, 41, 50, 40, 30, 20, 10, 0, 10, 20, 30, 40, 50, 41, 31, 22, 14, 10, 14, 22, 31, 41, 53, 44, 36, 28, 22, 20, 22, 28, 36, 44, 58, 50, 42, 36, 31, 30, 31, 36, 42, 50, 64, 56, 50, 44, 41, 40, 41, 44, 50, 56, 70, 64, 58, 53, 50, 50, 50, 53, 58, 64, 78, 72, 67, 63, 60, 60, 60, 63, 67, 72, ;[7,0] [3,5];(7,0), (6,1), (5,2), (4,3), (3,4), ;5,7
80, 80, 80, 82, 85, 89, 94, 100, 106, 113, 70, 70, 70, 72, 76, 80, 86, 92, 98, 106, 60, 60, 60, 63, 67, 72, 78, 84, 92, 100, 50, 50, 50, 53, 58, 64, 70, 78, 86, 94, 41, 40, 41, 44, 50, 56, 64, 72, 80, 89, 31, 30, 31, 36, 42, 50, 58, 67, 76, 85, 22, 20, 22, 28, 36, 44, 53, 63, 72, 82, 14, 10, 14, 22, 31, 41, 50, 60, 70, 80, 10, 0, 10, 20, 30, 40, 50, 60, 70, 80, 14, 10, 14, 22, 31, 41, 50, 60, 70, 80, ;[5,3] [8,1];(5,3), (6,3), (7,2), ;0,1
28, 22, 20, 22, 28, 36, 44, 53, 63, 72, 22, 14, 10, 14, 22, 31, 41, 50, 60, 70, 20, 10, 0, 10, 20, 30, 40, 50, 60, 70, 22, 14, 10, 14, 22, 31, 41, 50, 60, 70, 28, 22, 20, 22, 28, 36, 44, 53, 63, 72, 36, 31, 30, 31, 36, 42, 50, 58, 67, 76, 44, 41, 40, 41, 44, 50, 56, 64, 72, 80, 53, 50, 50, 50, 53, 58, 64, 70, 78, 86, 63, 60, 60, 60, 63, 67, 72, 78, 84, 92, 72, 70, 70, 70, 72, 76, 80, 86, 92, 98, ;[2,7] [2,2];(2,7), (3,6), (4,5), (4,4), (3,3), ;0,3
90, 90, 90, 92, 94, 98, 102, 108, 114, 120, 80, 80, 80, 82, 85, 89, 94, 100, 106, 113, 70, 70, 70, 72, 76, 80, 86, 92, 98, 106, 60, 60, 60, 63, 67, 72, 78, 84, 92, 100, 50, 50, 50, 53, 58, 64, 70, 78, 86, 94, 41, 40, 41, 44, 50, 56, 64, 72, 80, 89, 31, 30, 31, 36, 42, 50, 58, 67, 76, 85, 22, 20, 22, 28, 36, 44, 53, 63, 72, 82, 14, 10, 14, 22, 31, 41, 50, 60, 70, 80, 10, 0, 10, 20, 30, 40, 50, 60, 70, 80, ;[6,9] [9,1];(6,9), (5,8), (4,7), (4,6), (5,5), (6,4), (7,3), (8,2), ;7,7
58, 53, 50, 50, 50, 53, 58, 64, 70, 78, 50, 44, 41, 40, 41, 44, 50, 56, 64, 72, 42, 36, 31, 30, 31, 36, 42, 50, 58, 67, 36, 28, 22, 20, 22, 28, 36, 44, 53, 63, 31, 22, 14, 10, 14, 22, 31, 41, 50, 60, 30, 20, 10, 0, 10, 20, 30, 40, 50, 60, 31, 22, 14, 10, 14, 22, 31, 41, 50, 60, 36, 28, 22, 20, 22, 28, 36, 44, 53, 63, 42, 36, 31, 30, 31, 36, 42, 50, 58, 67, 50, 44, 41, 40, 41, 44, 50, 56, 64, 72, ;[0,8] [5,3];(0,8), (1,7), (2,6), (3,5), (4,4), ;9,3
108, 102, 98, 94, 92, 90, 90, 90, 92, 94, 100, 94, 89, 85, 82, 80, 80, 80, 82, 85, 92, 86, 80, 76, 72, 70, 70, 70, 72, 76, 84, 78, 72, 67, 63, 60, 60, 60, 63, 67, 78, 70, 64, 58, 53, 50, 50, 50, 53, 58, 72, 64, 56, 50, 44, 41, 40, 41, 44, 50, 67, 58, 50, 42, 36, 31, 30, 31, 36, 42, 63, 53, 44, 36, 28, 22, 20, 22, 28, 36, 60, 50, 41, 31, 22, 14, 10, 14, 22, 31, 60, 50, 40, 30, 20, 10, 0, 10, 20, 30, ;[5,9] [9,6];(5,9), (6,9), (7,8), (8,7), ;6,0
78, 72, 67, 63, 60, 60, 60, 63, 67, 72, 70, 64, 58, 53, 50, 50, 50, 53, 58, 64, 64, 56, 50, 44, 41, 40, 41, 44, 50, 56, 58, 50, 42, 36, 31, 30, 31, 36, 42, 50, 53, 44, 36, 28, 22, 20, 22, 28, 36, 44, 50, 41, 31, 22, 14, 10, 14, 22, 31, 41, 50, 40, 30, 20, 10, 0, 10, 20, 30, 40, 50, 41, 31, 22, 14, 10, 14, 22, 31, 41, 53, 44, 36, 28, 22, 20, 22, 28, 36, 44, 58, 50, 42, 36, 31, 30, 31, 36, 42, 50, ;[4,0] [6,5];(4,0), (3,1), (3,2), (4,3), (5,4), ;7,8
44, 41, 40, 41, 44, 50, 56, 64, 72, 80, 36, 31, 30, 31, 36, 42, 50, 58, 67, 76, 28, 22, 20, 22, 28, 36, 44, 53, 63, 72, 22, 14, 10, 14, 22, 31, 41, 50, 60, 70, 20, 10, 0, 10, 20, 30, 40, 50, 60, 70, 22, 14, 10, 14, 22, 31, 41, 50, 60, 70, 28, 22, 20, 22, 28, 36, 44, 53, 63, 72, 36, 31, 30, 31, 36, 42, 50, 58, 67, 76, 44, 41, 40, 41, 44, 50, 56, 64, 72, 80, 53, 50, 50, 50, 53, 58, 64, 70, 78, 86, ;[8,7] [4,2];(8,7), (8,6), (7,5), (6,4), (5,3), ;0,5
127, 120, 114, 108, 102, 98, 94, 92, 90, 90, 120, 113, 106, 100, 94, 89, 85, 82, 80, 80, 114, 106, 98, 92, 86, 80, 76, 72, 70, 70, 108, 100, 92, 84, 78, 72, 67, 63, 60, 60, 102, 94, 86, 78, 70, 64, 58, 53, 50, 50, 98, 89, 80, 72, 64, 56, 50, 44, 41, 40, 94, 85, 76, 67, 58, 50, 42, 36, 31, 30, 92, 82, 72, 63, 53, 44, 36, 28, 22, 20, 90, 80, 70, 60, 50, 41, 31, 22, 14, 10, 90, 80, 70, 60, 50, 40, 30, 20, 10, 0, ;[3,4] [9,9];(3,4), (4,4), (5,5), (6,6), (7,7), (8,8), ;3,8
72, 67, 63, 60, 60, 60, 63, 67, 72, 78, 64, 58, 53, 50, 50, 50, 53, 58, 64, 70, 56, 50, 44, 41, 40, 41, 44, 50, 56, 64, 50, 42, 36, 31, 30, 31, 36, 42, 50, 58, 44, 36, 28, 22, 20, 22, 28, 36, 44, 53, 41, 31, 22, 14, 10, 14, 22, 31, 41, 50, 40, 30, 20, 10, 0, 10, 20, 30, 40, 50, 41, 31, 22, 14, 10, 14, 22, 31, 41, 50, 44, 36, 28, 22, 20, 22, 28, 36, 44, 53, 50, 42, 36, 31, 30, 31, 36, 42, 50, 58, ;[9,6] [6,4];(9,6), (8,5), (7,4), ;3,7
28, 22, 20, 22, 28, 36, 44, 53, 63, 72, 22, 14, 10, 14, 22, 31, 41, 50, 60, 70, 20, 10, 0, 10, 20, 30, 40, 50, 60, 70, 22, 14, 10, 14, 22, 31, 41, 50, 60, 70, 28, 22, 20, 22, 28, 36, 44, 53, 63, 72, 36, 31, 30, 31, 36, 42, 50, 58, 67, 76, 44, 41, 40, 41, 44, 50, 56, 64, 72, 80, 53, 50, 50, 50, 53, 58, 64, 70, 78, 86, 63, 60, 60, 60, 63, 67, 72, 78, 84, 92, 72, 70, 70, 70, 72, 76, 80, 86, 92, 98, ;[5,7] [2,2];(5,7), (4,6), (3,5), (2,4), (1,3), ;5,4
60, 50, 40, 30, 20, 10, 0, 10, 20, 30, 60, 50, 41, 31, 22, 14, 10, 14, 22, 31, 63, 53, 44, 36, 28, 22, 20, 22, 28, 36, 67, 58, 50, 42, 36, 31, 30, 31, 36, 42, 72, 64, 56, 50, 44, 41, 40, 41, 44, 50, 78, 70, 64, 58, 53, 50, 50, 50, 53, 58, 84, 78, 72, 67, 63, 60, 60, 60, 63, 67, 92, 86, 80, 76, 72, 70, 70, 70, 72, 76, 100, 94, 89, 85, 82, 80, 80, 80, 82, 85, 108, 102, 98, 94, 92, 90, 90, 90, 92, 94, ;[7,0] [0,6];(7,0), (6,0), (5,1), (4,2), (3,3), (2,4), (1,5), ;7,8
80, 80, 80, 82, 85, 89, 94, 100, 106, 113, 70, 70, 70, 72, 76, 80, 86, 92, 98, 106, 60, 60, 60, 63, 67, 72, 78, 84, 92, 100, 50, 50, 50, 53, 58, 64, 70, 78, 86, 94, 41, 40, 41, 44, 50, 56, 64, 72, 80, 89, 31, 30, 31, 36, 42, 50, 58, 67, 76, 85, 22, 20, 22, 28, 36, 44, 53, 63, 72, 82, 14, 10, 14, 22, 31, 41, 50, 60, 70, 80, 10, 0, 10, 20, 30, 40, 50, 60, 70, 80, 14, 10, 14, 22, 31, 41, 50, 60, 70, 80, ;[1,6] [8,1];(1,6), (2,5), (3,4), (4,3), (5,2), (6,1), (7,1), ;0,7
120, 114, 108, 102, 98, 94, 92, 90, 90, 90, 113, 106, 100, 94, 89, 85, 82, 80, 80, 80, 106, 98, 92, 86, 80, 76, 72, 70, 70, 70, 100, 92, 84, 78, 72, 67, 63, 60, 60, 60, 94, 86, 78, 70, 64, 58, 53, 50, 50, 50, 89, 80, 72, 64, 56, 50, 44, 41, 40, 41, 85, 76, 67, 58, 50, 42, 36, 31, 30, 31, 82, 72, 63, 53, 44, 36, 28, 22, 20, 22, 80, 70, 60, 50, 41, 31, 22, 14, 10, 14, 80, 70, 60, 50, 40, 30, 20, 10, 0, 10, ;[3,6] [9,8];(3,6), (4,5), (5,4), (6,5), (7,6), (8,7), ;3,8
58, 53, 50, 50, 50, 53, 58, 64, 70, 78, 50, 44, 41, 40, 41, 44, 50, 56, 64, 72, 42, 36, 31, 30, 31, 36, 42, 50, 58, 67, 36, 28, 22, 20, 22, 28, 36, 44, 53, 63, 31, 22, 14, 10, 14, 22, 31, 41, 50, 60, 30, 20, 10, 0, 10, 20, 30, 40, 50, 60, 31, 22, 14, 10, 14, 22, 31, 41, 50, 60, 36, 28, 22, 20, 22, 28, 36, 44, 53, 63, 42, 36, 31, 30, 31, 36, 42, 50, 58, 67, 50, 44, 41, 40, 41, 44, 50, 56, 64, 72, ;[4,1] [5,3];(4,1), (4,2), ;8,7
80, 80, 80, 82, 85, 89, 94, 100, 106, 113, 70, 70, 70, 72, 76, 80, 86, 92, 98, 106, 60, 60, 60, 63, 67, 72, 78, 84, 92, 100, 50, 50, 50, 53, 58, 64, 70, 78, 86, 94, 41, 40, 41, 44, 50, 56, 64, 72, 80, 89, 31, 30, 31, 36, 42, 50, 58, 67, 76, 85, 22, 20, 22, 28, 36, 44, 53, 63, 72, 82, 14, 10, 14, 22, 31, 41, 50, 60, 70, 80, 10, 0, 10, 20, 30, 40, 50, 60, 70, 80, 14, 10, 14, 22, 31, 41, 50, 60, 70, 80, ;[3,1] [8,1];(3,1), (4,0), (5,0), (6,0), (7,0), ;7,5
50, 42, 36, 31, 30, 31, 36, 42, 50, 58, 44, 36, 28, 22, 20, 22, 28, 36, 44, 53, 41, 31, 22, 14, 10, 14, 22, 31, 41, 50, 40, 30, 20, 10, 0, 10, 20, 30, 40, 50, 41, 31, 22, 14, 10, 14, 22, 31, 41, 50, 44, 36, 28, 22, 20, 22, 28, 36, 44, 53, 50, 42, 36, 31, 30, 31, 36, 42, 50, 58, 56, 50, 44, 41, 40, 41, 44, 50, 56, 64, 64, 58, 53, 50, 50, 50, 53, 58, 64, 70, 72, 67, 63, 60, 60, 60, 63, 67, 72, 78, ;[6,8] [3,4];(6,8), (5,7), (4,6), (3,5), ;9,1
72, 64, 56, 50, 44, 41, 40, 41, 44, 50, 67, 58, 50, 42, 36, 31, 30, 31, 36, 42, 63, 53, 44, 36, 28, 22, 20, 22, 28, 36, 60, 50, 41, 31, 22, 14, 10, 14, 22, 31, 60, 50, 40, 30, 20, 10, 0, 10, 20, 30, 60, 50, 41, 31, 22, 14, 10, 14, 22, 31, 63, 53, 44, 36, 28, 22, 20, 22, 28, 36, 67, 58, 50, 42, 36, 31, 30, 31, 36, 42, 72, 64, 56, 50, 44, 41, 40, 41, 44, 50, 78, 70, 64, 58, 53, 50, 50, 50, 53, 58, ;[7,6] [4,6];(7,6), (6,7), (5,7), ;6,3
20, 10, 0, 10, 20, 30, 40, 50, 60, 70, 22, 14, 10, 14, 22, 31, 41, 50, 60, 70, 28, 22, 20, 22, 28, 36, 44, 53, 63, 72, 36, 31, 30, 31, 36, 42, 50, 58, 67, 76, 44, 41, 40, 41, 44, 50, 56, 64, 72, 80, 53, 50, 50, 50, 53, 58, 64, 70, 78, 86, 63, 60, 60, 60, 63, 67, 72, 78, 84, 92, 72, 70, 70, 70, 72, 76, 80, 86, 92, 98, 82, 80, 80, 80, 82, 85, 89, 94, 100, 106, 92, 90, 90, 90, 92, 94, 98, 102, 108, 114, ;[1,0] [0,2];(1,0), (0,1), ;5,6
89, 85, 82, 80, 80, 80, 82, 85, 89, 94, 80, 76, 72, 70, 70, 70, 72, 76, 80, 86, 72, 67, 63, 60, 60, 60, 63, 67, 72, 78, 64, 58, 53, 50, 50, 50, 53, 58, 64, 70, 56, 50, 44, 41, 40, 41, 44, 50, 56, 64, 50, 42, 36, 31, 30, 31, 36, 42, 50, 58, 44, 36, 28, 22, 20, 22, 28, 36, 44, 53, 41, 31, 22, 14, 10, 14, 22, 31, 41, 50, 40, 30, 20, 10, 0, 10, 20, 30, 40, 50, 41, 31, 22, 14, 10, 14, 22, 31, 41, 50, ;[1,0] [8,4];(1,0), (0,1), (0,2), (1,3), (2,4), (3,5), (4,6), (5,7), (6,6), (7,5), ;5,2
80, 72, 64, 56, 50, 44, 41, 40, 41, 44, 76, 67, 58, 50, 42, 36, 31, 30, 31, 36, 72, 63, 53, 44, 36, 28, 22, 20, 22, 28, 70, 60, 50, 41, 31, 22, 14, 10, 14, 22, 70, 60, 50, 40, 30, 20, 10, 0, 10, 20, 70, 60, 50, 41, 31, 22, 14, 10, 14, 22, 72, 63, 53, 44, 36, 28, 22, 20, 22, 28, 76, 67, 58, 50, 42, 36, 31, 30, 31, 36, 80, 72, 64, 56, 50, 44, 41, 40, 41, 44, 86, 78, 70, 64, 58, 53, 50, 50, 50, 53, ;[9,7] [4,7];(9,7), (8,8), (7,9), (6,9), (5,8), ;8,6
22, 20, 22, 28, 36, 44, 53, 63, 72, 82, 14, 10, 14, 22, 31, 41, 50, 60, 70, 80, 10, 0, 10, 20, 30, 40, 50, 60, 70, 80, 14, 10, 14, 22, 31, 41, 50, 60, 70, 80, 22, 20, 22, 28, 36, 44, 53, 63, 72, 82, 31, 30, 31, 36, 42, 50, 58, 67, 76, 85, 41, 40, 41, 44, 50, 56, 64, 72, 80, 89, 50, 50, 50, 53, 58, 64, 70, 78, 86, 94, 60, 60, 60, 63, 67, 72, 78, 84, 92, 100, 70, 70, 70, 72, 76, 80, 86, 92, 98, 106, ;[2,6] [2,1];(2,6), (1,5), (0,4), (0,3), (1,2), ;8,8
92, 82, 72, 63, 53, 44, 36, 28, 22, 20, 90, 80, 70, 60, 50, 41, 31, 22, 14, 10, 90, 80, 70, 60, 50, 40, 30, 20, 10, 0, 90, 80, 70, 60, 50, 41, 31, 22, 14, 10, 92, 82, 72, 63, 53, 44, 36, 28, 22, 20, 94, 85, 76, 67, 58, 50, 42, 36, 31, 30, 98, 89, 80, 72, 64, 56, 50, 44, 41, 40, 102, 94, 86, 78, 70, 64, 58, 53, 50, 50, 108, 100, 92, 84, 78, 72, 67, 63, 60, 60, 114, 106, 98, 92, 86, 80, 76, 72, 70, 70, ;[8,9] [2,9];(8,9), (7,8), (6,7), (5,6), (4,5), (3,6), (2,7), (1,8), ;4,8
82, 80, 80, 80, 82, 85, 89, 94, 100, 106, 72, 70, 70, 70, 72, 76, 80, 86, 92, 98, 63, 60, 60, 60, 63, 67, 72, 78, 84, 92, 53, 50, 50, 50, 53, 58, 64, 70, 78, 86, 44, 41, 40, 41, 44, 50, 56, 64, 72, 80, 36, 31, 30, 31, 36, 42, 50, 58, 67, 76, 28, 22, 20, 22, 28, 36, 44, 53, 63, 72, 22, 14, 10, 14, 22, 31, 41, 50, 60, 70, 20, 10, 0, 10, 20, 30, 40, 50, 60, 70, 22, 14, 10, 14, 22, 31, 41, 50, 60, 70, ;[2,8] [8,2];(2,8), (3,7), (4,6), (5,5), (6,4), (7,3), ;3,0
64, 56, 50, 44, 41, 40, 41, 44, 50, 56, 58, 50, 42, 36, 31, 30, 31, 36, 42, 50, 53, 44, 36, 28, 22, 20, 22, 28, 36, 44, 50, 41, 31, 22, 14, 10, 14, 22, 31, 41, 50, 40, 30, 20, 10, 0, 10, 20, 30, 40, 50, 41, 31, 22, 14, 10, 14, 22, 31, 41, 53, 44, 36, 28, 22, 20, 22, 28, 36, 44, 58, 50, 42, 36, 31, 30, 31, 36, 42, 50, 64, 56, 50, 44, 41, 40, 41, 44, 50, 56, 70, 64, 58, 53, 50, 50, 50, 53, 58, 64, ;[8,3] [4,5];(8,3), (7,2), (6,3), (5,4), ;9,7
94, 85, 76, 67, 58, 50, 42, 36, 31, 30, 92, 82, 72, 63, 53, 44, 36, 28, 22, 20, 90, 80, 70, 60, 50, 41, 31, 22, 14, 10, 90, 80, 70, 60, 50, 40, 30, 20, 10, 0, 90, 80, 70, 60, 50, 41, 31, 22, 14, 10, 92, 82, 72, 63, 53, 44, 36, 28, 22, 20, 94, 85, 76, 67, 58, 50, 42, 36, 31, 30, 98, 89, 80, 72, 64, 56, 50, 44, 41, 40, 102, 94, 86, 78, 70, 64, 58, 53, 50, 50, 108, 100, 92, 84, 78, 72, 67, 63, 60, 60, ;[8,9] [3,9];(8,9), (7,9), (6,9), (5,9), (4,9), ;1,0
10, 0, 10, 20, 30, 40, 50, 60, 70, 80, 14, 10, 14, 22, 31, 41, 50, 60, 70, 80, 22, 20, 22, 28, 36, 44, 53, 63, 72, 82, 31, 30, 31, 36, 42, 50, 58, 67, 76, 85, 41, 40, 41, 44, 50, 56, 64, 72, 80, 89, 50, 50, 50, 53, 58, 64, 70, 78, 86, 94, 60, 60, 60, 63, 67, 72, 78, 84, 92, 100, 70, 70, 70, 72, 76, 80, 86, 92, 98, 106, 80, 80, 80, 82, 85, 89, 94, 100, 106, 113, 90, 90, 90, 92, 94, 98, 102, 108, 114, 120, ;[5,9] [0,1];(5,9), (5,8), (5,7), (5,6), (4,5), (3,4), (2,3), (1,2), ;0,0
98, 92, 86, 80, 76, 72, 70, 70, 70, 72, 92, 84, 78, 72, 67, 63, 60, 60, 60, 63, 86, 78, 70, 64, 58, 53, 50, 50, 50, 53, 80, 72, 64, 56, 50, 44, 41, 40, 41, 44, 76, 67, 58, 50, 42, 36, 31, 30, 31, 36, 72, 63, 53, 44, 36, 28, 22, 20, 22, 28, 70, 60, 50, 41, 31, 22, 14, 10, 14, 22, 70, 60, 50, 40, 30, 20, 10, 0, 10, 20, 70, 60, 50, 41, 31, 22, 14, 10, 14, 22, 72, 63, 53, 44, 36, 28, 22, 20, 22, 28, ;[9,0] [7,7];(9,0), (9,1), (9,2), (9,3), (9,4), (9,5), (8,6), ;6,9
76, 67, 58, 50, 42, 36, 31, 30, 31, 36, 72, 63, 53, 44, 36, 28, 22, 20, 22, 28, 70, 60, 50, 41, 31, 22, 14, 10, 14, 22, 70, 60, 50, 40, 30, 20, 10, 0, 10, 20, 70, 60, 50, 41, 31, 22, 14, 10, 14, 22, 72, 63, 53, 44, 36, 28, 22, 20, 22, 28, 76, 67, 58, 50, 42, 36, 31, 30, 31, 36, 80, 72, 64, 56, 50, 44, 41, 40, 41, 44, 86, 78, 70, 64, 58, 53, 50, 50, 50, 53, 92, 84, 78, 72, 67, 63, 60, 60, 60, 63, ;[4,1] [3,7];(4,1), (5,2), (6,3), (6,4), (5,5), (4,6), ;3,4
28, 22, 20, 22, 28, 36, 44, 53, 63, 72, 22, 14, 10, 14, 22, 31, 41, 50, 60, 70, 20, 10, 0, 10, 20, 30, 40, 50, 60, 70, 22, 14, 10, 14, 22, 31, 41, 50, 60, 70, 28, 22, 20, 22, 28, 36, 44, 53, 63, 72, 36, 31, 30, 31, 36, 42, 50, 58, 67, 76, 44, 41, 40, 41, 44, 50, 56, 64, 72, 80, 53, 50, 50, 50, 53, 58, 64, 70, 78, 86, 63, 60, 60, 60, 63, 67, 72, 78, 84, 92, 72, 70, 70, 70, 72, 76, 80, 86, 92, 98, ;[3,4] [2,2];(3,4), (2,3), ;8,5
22, 20, 22, 28, 36, 44, 53, 63, 72, 82, 14, 10, 14, 22, 31, 41, 50, 60, 70, 80, 10, 0, 10, 20, 30, 40, 50, 60, 70, 80, 14, 10, 14, 22, 31, 41, 50, 60, 70, 80, 22, 20, 22, 28, 36, 44, 53, 63, 72, 82, 31, 30, 31, 36, 42, 50, 58, 67, 76, 85, 41, 40, 41, 44, 50, 56, 64, 72, 80, 89, 50, 50, 50, 53, 58, 64, 70, 78, 86, 94, 60, 60, 60, 63, 67, 72, 78, 84, 92, 100, 70, 70, 70, 72, 76, 80, 86, 92, 98, 106, ;[4,6] [2,1];(4,6), (3,5), (2,4), (2,3), (2,2), ;4,9
70, 60, 50, 40, 30, 20, 10, 0, 10, 20, 70, 60, 50, 41, 31, 22, 14, 10, 14, 22, 72, 63, 53, 44, 36, 28, 22, 20, 22, 28, 76, 67, 58, 50, 42, 36, 31, 30, 31, 36, 80, 72, 64, 56, 50, 44, 41, 40, 41, 44, 86, 78, 70, 64, 58, 53, 50, 50, 50, 53, 92, 84, 78, 72, 67, 63, 60, 60, 60, 63, 98, 92, 86, 80, 76, 72, 70, 70, 70, 72, 106, 100, 94, 89, 85, 82, 80, 80, 80, 82, 114, 108, 102, 98, 94, 92, 90, 90, 90, 92, ;[6,3] [0,7];(6,3), (5,4), (4,5), (3,6), (2,7), (1,7), ;8,0
72, 70, 70, 70, 72, 76, 80, 86, 92, 98, 63, 60, 60, 60, 63, 67, 72, 78, 84, 92, 53, 50, 50, 50, 53, 58, 64, 70, 78, 86, 44, 41, 40, 41, 44, 50, 56, 64, 72, 80, 36, 31, 30, 31, 36, 42, 50, 58, 67, 76, 28, 22, 20, 22, 28, 36, 44, 53, 63, 72, 22, 14, 10, 14, 22, 31, 41, 50, 60, 70, 20, 10, 0, 10, 20, 30, 40, 50, 60, 70, 22, 14, 10, 14, 22, 31, 41, 50, 60, 70, 28, 22, 20, 22, 28, 36, 44, 53, 63, 72, ;[1,4] [7,2];(1,4), (2,5), (3,6), (4,5), (5,4), (6,3), ;3,3
113, 106, 100, 94, 89, 85, 82, 80, 80, 80, 106, 98, 92, 86, 80, 76, 72, 70, 70, 70, 100, 92, 84, 78, 72, 67, 63, 60, 60, 60, 94, 86, 78, 70, 64, 58, 53, 50, 50, 50, 89, 80, 72, 64, 56, 50, 44, 41, 40, 41, 85, 76, 67, 58, 50, 42, 36, 31, 30, 31, 82, 72, 63, 53, 44, 36, 28, 22, 20, 22, 80, 70, 60, 50, 41, 31, 22, 14, 10, 14, 80, 70, 60, 50, 40, 30, 20, 10, 0, 10, 80, 70, 60, 50, 41, 31, 22, 14, 10, 14, ;[7,8] [8,8];(7,8), ;7,2
60, 50, 41, 31, 22, 14, 10, 14, 22, 31, 60, 50, 40, 30, 20, 10, 0, 10, 20, 30, 60, 50, 41, 31, 22, 14, 10, 14, 22, 31, 63, 53, 44, 36, 28, 22, 20, 22, 28, 36, 67, 58, 50, 42, 36, 31, 30, 31, 36, 42, 72, 64, 56, 50, 44, 41, 40, 41, 44, 50, 78, 70, 64, 58, 53, 50, 50, 50, 53, 58, 84, 78, 72, 67, 63, 60, 60, 60, 63, 67, 92, 86, 80, 76, 72, 70, 70, 70, 72, 76, 100, 94, 89, 85, 82, 80, 80, 80, 82, 85, ;[5,8] [1,6];(5,8), (4,7), (3,6), (2,5), ;1,8
78, 70, 64, 58, 53, 50, 50, 50, 53, 58, 72, 64, 56, 50, 44, 41, 40, 41, 44, 50, 67, 58, 50, 42, 36, 31, 30, 31, 36, 42, 63, 53, 44, 36, 28, 22, 20, 22, 28, 36, 60, 50, 41, 31, 22, 14, 10, 14, 22, 31, 60, 50, 40, 30, 20, 10, 0, 10, 20, 30, 60, 50, 41, 31, 22, 14, 10, 14, 22, 31, 63, 53, 44, 36, 28, 22, 20, 22, 28, 36, 67, 58, 50, 42, 36, 31, 30, 31, 36, 42, 72, 64, 56, 50, 44, 41, 40, 41, 44, 50, ;[8,5] [5,6];(8,5), (7,5), (6,5), ;2,7
42, 36, 31, 30, 31, 36, 42, 50, 58, 67, 36, 28, 22, 20, 22, 28, 36, 44, 53, 63, 31, 22, 14, 10, 14, 22, 31, 41, 50, 60, 30, 20, 10, 0, 10, 20, 30, 40, 50, 60, 31, 22, 14, 10, 14, 22, 31, 41, 50, 60, 36, 28, 22, 20, 22, 28, 36, 44, 53, 63, 42, 36, 31, 30, 31, 36, 42, 50, 58, 67, 50, 44, 41, 40, 41, 44, 50, 56, 64, 72, 58, 53, 50, 50, 50, 53, 58, 64, 70, 78, 67, 63, 60, 60, 60, 63, 67, 72, 78, 84, ;[3,9] [3,3];(3,9), (2,8), (1,7), (0,6), (1,5), (2,4), ;7,4
78, 72, 67, 63, 60, 60, 60, 63, 67, 72, 70, 64, 58, 53, 50, 50, 50, 53, 58, 64, 64, 56, 50, 44, 41, 40, 41, 44, 50, 56, 58, 50, 42, 36, 31, 30, 31, 36, 42, 50, 53, 44, 36, 28, 22, 20, 22, 28, 36, 44, 50, 41, 31, 22, 14, 10, 14, 22, 31, 41, 50, 40, 30, 20, 10, 0, 10, 20, 30, 40, 50, 41, 31, 22, 14, 10, 14, 22, 31, 41, 53, 44, 36, 28, 22, 20, 22, 28, 36, 44, 58, 50, 42, 36, 31, 30, 31, 36, 42, 50, ;[7,7] [6,5];(7,7), (7,6), ;0,1
40, 41, 44, 50, 56, 64, 72, 80, 89, 98, 30, 31, 36, 42, 50, 58, 67, 76, 85, 94, 20, 22, 28, 36, 44, 53, 63, 72, 82, 92, 10, 14, 22, 31, 41, 50, 60, 70, 80, 90, 0, 10, 20, 30, 40, 50, 60, 70, 80, 90, 10, 14, 22, 31, 41, 50, 60, 70, 80, 90, 20, 22, 28, 36, 44, 53, 63, 72, 82, 92, 30, 31, 36, 42, 50, 58, 67, 76, 85, 94, 40, 41, 44, 50, 56, 64, 72, 80, 89, 98, 50, 50, 53, 58, 64, 70, 78, 86, 94, 102, ;[2,9] [4,0];(2,9), (1,8), (0,7), (0,6), (0,5), (0,4), (1,3), (2,2), (3,1), ;6,5
70, 60, 50, 40, 30, 20, 10, 0, 10, 20, 70, 60, 50, 41, 31, 22, 14, 10, 14, 22, 72, 63, 53, 44, 36, 28, 22, 20, 22, 28, 76, 67, 58, 50, 42, 36, 31, 30, 31, 36, 80, 72, 64, 56, 50, 44, 41, 40, 41, 44, 86, 78, 70, 64, 58, 53, 50, 50, 50, 53, 92, 84, 78, 72, 67, 63, 60, 60, 60, 63, 98, 92, 86, 80, 76, 72, 70, 70, 70, 72, 106, 100, 94, 89, 85, 82, 80, 80, 80, 82, 114, 108, 102, 98, 94, 92, 90, 90, 90, 92, ;[9,9] [0,7];(9,9), (8,9), (7,9), (6,9), (5,9), (4,9), (3,9), (2,9), (1,8), ;4,5
80, 70, 60, 50, 41, 31, 22, 14, 10, 14, 80, 70, 60, 50, 40, 30, 20, 10, 0, 10, 80, 70, 60, 50, 41, 31, 22, 14, 10, 14, 82, 72, 63, 53, 44, 36, 28, 22, 20, 22, 85, 76, 67, 58, 50, 42, 36, 31, 30, 31, 89, 80, 72, 64, 56, 50, 44, 41, 40, 41, 94, 86, 78, 70, 64, 58, 53, 50, 50, 50, 100, 92, 84, 78, 72, 67, 63, 60, 60, 60, 106, 98, 92, 86, 80, 76, 72, 70, 70, 70, 113, 106, 100, 94, 89, 85, 82, 80, 80, 80, ;[9,5] [1,8];(9,5), (8,4), (7,3), (6,3), (5,4), (4,5), (3,6), (2,7), ;6,9
60, 60, 60, 63, 67, 72, 78, 84, 92, 100, 50, 50, 50, 53, 58, 64, 70, 78, 86, 94, 41, 40, 41, 44, 50, 56, 64, 72, 80, 89, 31, 30, 31, 36, 42, 50, 58, 67, 76, 85, 22, 20, 22, 28, 36, 44, 53, 63, 72, 82, 14, 10, 14, 22, 31, 41, 50, 60, 70, 80, 10, 0, 10, 20, 30, 40, 50, 60, 70, 80, 14, 10, 14, 22, 31, 41, 50, 60, 70, 80, 22, 20, 22, 28, 36, 44, 53, 63, 72, 82, 31, 30, 31, 36, 42, 50, 58, 67, 76, 85, ;[5,5] [6,1];(5,5), (4,4), (4,3), (5,2), ;6,7
90, 80, 70, 60, 50, 40, 30, 20, 10, 0, 90, 80, 70, 60, 50, 41, 31, 22, 14, 10, 92, 82, 72, 63, 53, 44, 36, 28, 22, 20, 94, 85, 76, 67, 58, 50, 42, 36, 31, 30, 98, 89, 80, 72, 64, 56, 50, 44, 41, 40, 102, 94, 86, 78, 70, 64, 58, 53, 50, 50, 108, 100, 92, 84, 78, 72, 67, 63, 60, 60, 114, 106, 98, 92, 86, 80, 76, 72, 70, 70, 120, 113, 106, 100, 94, 89, 85, 82, 80, 80, 127, 120, 114, 108, 102, 98, 94, 92, 90, 90, ;[1,0] [0,9];(1,0), (0,1), (0,2), (0,3), (0,4), (0,5), (0,6), (0,7), (0,8), ;4,3
86, 80, 76, 72, 70, 70, 70, 72, 76, 80, 78, 72, 67, 63, 60, 60, 60, 63, 67, 72, 70, 64, 58, 53, 50, 50, 50, 53, 58, 64, 64, 56, 50, 44, 41, 40, 41, 44, 50, 56, 58, 50, 42, 36, 31, 30, 31, 36, 42, 50, 53, 44, 36, 28, 22, 20, 22, 28, 36, 44, 50, 41, 31, 22, 14, 10, 14, 22, 31, 41, 50, 40, 30, 20, 10, 0, 10, 20, 30, 40, 50, 41, 31, 22, 14, 10, 14, 22, 31, 41, 53, 44, 36, 28, 22, 20, 22, 28, 36, 44, ;[6,2] [7,5];(6,2), (7,3), (8,4), ;5,5
84, 78, 72, 67, 63, 60, 60, 60, 63, 67, 78, 70, 64, 58, 53, 50, 50, 50, 53, 58, 72, 64, 56, 50, 44, 41, 40, 41, 44, 50, 67, 58, 50, 42, 36, 31, 30, 31, 36, 42, 63, 53, 44, 36, 28, 22, 20, 22, 28, 36, 60, 50, 41, 31, 22, 14, 10, 14, 22, 31, 60, 50, 40, 30, 20, 10, 0, 10, 20, 30, 60, 50, 41, 31, 22, 14, 10, 14, 22, 31, 63, 53, 44, 36, 28, 22, 20, 22, 28, 36, 67, 58, 50, 42, 36, 31, 30, 31, 36, 42, ;[6,7] [6,6];(6,7), ;0,0
100, 94, 89, 85, 82, 80, 80, 80, 82, 85, 92, 86, 80, 76, 72, 70, 70, 70, 72, 76, 84, 78, 72, 67, 63, 60, 60, 60, 63, 67, 78, 70, 64, 58, 53, 50, 50, 50, 53, 58, 72, 64, 56, 50, 44, 41, 40, 41, 44, 50, 67, 58, 50, 42, 36, 31, 30, 31, 36, 42, 63, 53, 44, 36, 28, 22, 20, 22, 28, 36, 60, 50, 41, 31, 22, 14, 10, 14, 22, 31, 60, 50, 40, 30, 20, 10, 0, 10, 20, 30, 60, 50, 41, 31, 22, 14, 10, 14, 22, 31, ;[3,9] [8,6];(3,9), (4,8), (5,7), (6,6), (7,6), ;1,8
80, 70, 60, 50, 40, 30, 20, 10, 0, 10, 80, 70, 60, 50, 41, 31, 22, 14, 10, 14, 82, 72, 63, 53, 44, 36, 28, 22, 20, 22, 85, 76, 67, 58, 50, 42, 36, 31, 30, 31, 89, 80, 72, 64, 56, 50, 44, 41, 40, 41, 94, 86, 78, 70, 64, 58, 53, 50, 50, 50, 100, 92, 84, 78, 72, 67, 63, 60, 60, 60, 106, 98, 92, 86, 80, 76, 72, 70, 70, 70, 113, 106, 100, 94, 89, 85, 82, 80, 80, 80, 120, 114, 108, 102, 98, 94, 92, 90, 90, 90, ;[6,0] [0,8];(6,0), (7,1), (7,2), (6,3), (5,4), (4,5), (3,6), (2,7), (1,8), ;0,3
80, 70, 60, 50, 40, 30, 20, 10, 0, 10, 80, 70, 60, 50, 41, 31, 22, 14, 10, 14, 82, 72, 63, 53, 44, 36, 28, 22, 20, 22, 85, 76, 67, 58, 50, 42, 36, 31, 30, 31, 89, 80, 72, 64, 56, 50, 44, 41, 40, 41, 94, 86, 78, 70, 64, 58, 53, 50, 50, 50, 100, 92, 84, 78, 72, 67, 63, 60, 60, 60, 106, 98, 92, 86, 80, 76, 72, 70, 70, 70, 113, 106, 100, 94, 89, 85, 82, 80, 80, 80, 120, 114, 108, 102, 98, 94, 92, 90, 90, 90, ;[9,5] [0,8];(9,5), (8,6), (7,7), (6,8), (5,9), (4,9), (3,9), (2,9), (1,9), ;7,3
0, 10, 20, 30, 40, 50, 60, 70, 80, 90, 10, 14, 22, 31, 41, 50, 60, 70, 80, 90, 20, 22, 28, 36, 44, 53, 63, 72, 82, 92, 30, 31, 36, 42, 50, 58, 67, 76, 85, 94, 40, 41, 44, 50, 56, 64, 72, 80, 89, 98, 50, 50, 53, 58, 64, 70, 78, 86, 94, 102, 60, 60, 63, 67, 72, 78, 84, 92, 100, 108, 70, 70, 72, 76, 80, 86, 92, 98, 106, 114, 80, 80, 82, 85, 89, 94, 100, 106, 113, 120, 90, 90, 92, 94, 98, 102, 108, 114, 120, 127, ;[4,8] [0,0];(4,8), (5,7), (6,6), (5,5), (4,4), (3,3), (2,2), (1,1), ;2,9
89, 80, 72, 64, 56, 50, 44, 41, 40, 41, 85, 76, 67, 58, 50, 42, 36, 31, 30, 31, 82, 72, 63, 53, 44, 36, 28, 22, 20, 22, 80, 70, 60, 50, 41, 31, 22, 14, 10, 14, 80, 70, 60, 50, 40, 30, 20, 10, 0, 10, 80, 70, 60, 50, 41, 31, 22, 14, 10, 14, 82, 72, 63, 53, 44, 36, 28, 22, 20, 22, 85, 76, 67, 58, 50, 42, 36, 31, 30, 31, 89, 80, 72, 64, 56, 50, 44, 41, 40, 41, 94, 86, 78, 70, 64, 58, 53, 50, 50, 50, ;[7,6] [4,8];(7,6), (6,7), (5,8), ;7,5
67, 63, 60, 60, 60, 63, 67, 72, 78, 84, 58, 53, 50, 50, 50, 53, 58, 64, 70, 78, 50, 44, 41, 40, 41, 44, 50, 56, 64, 72, 42, 36, 31, 30, 31, 36, 42, 50, 58, 67, 36, 28, 22, 20, 22, 28, 36, 44, 53, 63, 31, 22, 14, 10, 14, 22, 31, 41, 50, 60, 30, 20, 10, 0, 10, 20, 30, 40, 50, 60, 31, 22, 14, 10, 14, 22, 31, 41, 50, 60, 36, 28, 22, 20, 22, 28, 36, 44, 53, 63, 42, 36, 31, 30, 31, 36, 42, 50, 58, 67, ;[8,4] [6,3];(8,4), (7,3), ;0,4
42, 36, 31, 30, 31, 36, 42, 50, 58, 67, 36, 28, 22, 20, 22, 28, 36, 44, 53, 63, 31, 22, 14, 10, 14, 22, 31, 41, 50, 60, 30, 20, 10, 0, 10, 20, 30, 40, 50, 60, 31, 22, 14, 10, 14, 22, 31, 41, 50, 60, 36, 28, 22, 20, 22, 28, 36, 44, 53, 63, 42, 36, 31, 30, 31, 36, 42, 50, 58, 67, 50, 44, 41, 40, 41, 44, 50, 56, 64, 72, 58, 53, 50, 50, 50, 53, 58, 64, 70, 78, 67, 63, 60, 60, 60, 63, 67, 72, 78, 84, ;[5,9] [3,3];(5,9), (6,8), (7,7), (6,6), (5,5), (4,4), ;0,5
41, 40, 41, 44, 50, 56, 64, 72, 80, 89, 31, 30, 31, 36, 42, 50, 58, 67, 76, 85, 22, 20, 22, 28, 36, 44, 53, 63, 72, 82, 14, 10, 14, 22, 31, 41, 50, 60, 70, 80, 10, 0, 10, 20, 30, 40, 50, 60, 70, 80, 14, 10, 14, 22, 31, 41, 50, 60, 70, 80, 22, 20, 22, 28, 36, 44, 53, 63, 72, 82, 31, 30, 31, 36, 42, 50, 58, 67, 76, 85, 41, 40, 41, 44, 50, 56, 64, 72, 80, 89, 50, 50, 50, 53, 58, 64, 70, 78, 86, 94, ;[4,5] [4,1];(4,5), (5,4), (6,3), (5,2), ;3,4
50, 42, 36, 31, 30, 31, 36, 42, 50, 58, 44, 36, 28, 22, 20, 22, 28, 36, 44, 53, 41, 31, 22, 14, 10, 14, 22, 31, 41, 50, 40, 30, 20, 10, 0, 10, 20, 30, 40, 50, 41, 31, 22, 14, 10, 14, 22, 31, 41, 50, 44, 36, 28, 22, 20, 22, 28, 36, 44, 53, 50, 42, 36, 31, 30, 31, 36, 42, 50, 58, 56, 50, 44, 41, 40, 41, 44, 50, 56, 64, 64, 58, 53, 50, 50, 50, 53, 58, 64, 70, 72, 67, 63, 60, 60, 60, 63, 67, 72, 78, ;[7,1] [3,4];(7,1), (6,1), (5,2), (4,3), ;0,5
